1 1
1 2
1 1
4 1
2 3
6 1
1 1
8 1
3 1
8 1
1 1
3 1
2 1
1 1
7 1
14 2
13 1
13 1
12 1
3 2
13 1
16 1
23 1
3 1
20 1
18 1
3 1
11 2
3 1
20 1
5 2
24 1
19 1
27 1
27 1
25 2
20 1
5 1
12 2
20 1
34 1
42 1
38 3
26 1
43 1
27 1
21 1
27 1
40 2
39 1
12 1
18 4
38 2
6 1
19 1
12 2
46 1
17 2
58 2
22 1
59 1
49 1
12 1
34 1
13 3
13 4
52 2
4 2
41 1
2 2
34 1
26 2
24 3
29 2
11 1
44 2
64 1
30 3
21 3
52 2
66 1
46 3
68 1
46 4
38 1
76 2
44 1
72 2
66 2
54 2
7 2
87 2
9 2
71 2
58 2
26 3
95 3
2 1
6 3
89 1
63 1
91 4
67 2
96 2
100 1
96 3
28 4
11 1
87 2
29 5
60 1
76 3
37 3
9 3
86 3
21 1
65 1
69 3
54 1
109 4
5 2
80 3
88 1
1 2
66 2
20 3
121 1
67 3
15 3
85 4
73 2
100 4
21 1
69 4
106 2
97 1
79 4
79 5
55 2
61 2
58 1
114 2
27 2
65 1
84 6
3 1
62 2
123 3
59 2
144 2
27 1
53 5
132 3
47 4
97 3
122 3
51 4
136 4
115 1
142 5
86 2
29 3
26 2
69 3
68 2
33 5
153 5
4 2
164 1
70 3
69 2
16 1
134 4
169 1
68 3
28 3
10 4
10 5
146 4
112 1
171 2
103 3
159 2
159 1
140 5
117 2
181 2
8 3
36 4
134 1
96 1
139 1
1 1
140 1
85 2
7 3
72 1
141 3
132 1
96 5
134 2
4 2
165 5
140 1
107 2
180 3
150 2
135 2
8 4
183 4
30 2
184 5
209 1
171 6
167 1
158 5
32 2
99 2
171 3
182 2
218 4
60 4
28 3
78 1
216 3
56 6
79 2
152 2
35 4
132 2
194 5
226 2
28 4
120 3
12 4
29 5
194 3
26 4
162 2
159 3
131 7
117 5
157 4
101 3
170 2
230 3
107 2
176 3
171 3
61 7
46 2
4 3
25 2
155 5
105 4
252 5
99 4
64 1
22 4
189 2
66 8
120 3
95 3
154 2
91 3
49 3
95 2
97 2
260 2
13 5
9 5
213 2
260 4
42 3
121 3
178 3
78 5
268 3
1 2
71 9
148 4
141 6
29 3
198 2
218 6
131 2
214 6
233 7
33 5
87 5
58 2
134 3
70 4
181 3
162 4
32 2
269 6
258 2
174 3
221 3
75 1
297 6
188 6
280 3
100 6
25 5
87 6
210 2
210 3
137 2
270 6
296 5
87 7
5 4
67 6
41 6
170 3
125 3
193 3
125 4
298 4
200 7
212 5
315 3
197 4
115 3
3 3
276 6
295 7
203 8
63 3
322 4
76 2
234 4
12 6
317 6
224 2
290 7
23 6
102 6
86 10
209 9
122 4
241 5
169 7
122 5
336 5
290 7
223 4
52 4
233 3
147 5
110 5
148 6
225 3
272 7
351 7
174 8
294 4
264 4
6 5
146 4
86 2
171 6
74 7
6 6
294 8
52 3
174 7
1 3
183 9
73 5
299 9
279 7
275 5
60 5
345 4
92 3
26 7
261 3
186 2
256 4
57 5
81 8
362 2
370 4
178 4
206 4
283 3
33 1
90 3
361 5
42 3
33 2
302 1
310 3
147 4
328 5
333 3
175 3
175 4
26 8
346 3
320 3
85 9
74 4
220 5
385 7
220 6
116 8
81 6
214 5
219 5
145 6
326 4
103 4
165 5
227 7
137 7
285 4
13 3
42 4
27 9
158 5
222 6
402 8
310 4
55 7
379 6
4 4
418 6
418 7
321 8
427 8
196 4
212 3
190 5
168 5
108 5
189 4
263 4
422 5
410 3
39 6
296 5
242 8
184 7
8 7
53 6
419 3
387 1
412 6
288 5
127 9
389 2
187 8
380 8
406 8
360 4
287 4
291 6
89 7
340 9
340 10
155 4
4 5
218 8
54 7
182 1
30 10
364 4
357 8
175 4
190 5
375 5
311 4
334 4
72 6
272 4
180 6
247 7
283 5
305 7
72 7
398 6
313 6
84 4
303 5
294 10
316 7
456 4
420 4
19 7
358 1
53 4
94 4
376 2
41 3
95 5
416 4
378 3
95 6
482 6
9 8
201 6
358 4
491 8
397 5
215 5
368 6
313 6
256 3
352 6
338 6
156 6
352 3
96 7
103 8
274 9
408 6
331 8
405 5
17 4
422 10
406 6
470 9
412 7
33 11
206 7
231 3
497 4
357 4
28 6
439 7
95 5
223 6
392 1
331 8
443 8
54 5
483 10
291 8
128 5
304 3
101 8
199 7
190 6
483 7
126 4
117 10
142 11
211 6
217 8
445 11
312 4
9 9
353 9
182 5
18 5
279 4
164 7
255 2
229 9
408 7
466 9
1 4
379 5
90 6
406 5
525 7
5 6
224 9
432 4
327 4
566 2
25 8
537 5
92 7
149 12
490 9
265 5
149 13
393 5
246 7
221 2
430 2
380 5
238 10
162 10
211 5
240 11
231 10
298 5
223 3
563 9
287 4
211 6
85 8
50 4
329 9
187 8
343 5
371 7
429 5
278 6
349 5
363 11
428 5
181 7
273 5
361 5
181 8
393 10
271 4
591 7
379 8
248 12
20 6
152 14
95 8
263 8
450 6
585 5
384 9
107 6
103 5
593 10
424 6
413 6
455 7
282 6
5 7
141 5
239 7
181 8
517 12
35 7
322 1
124 9
5 8
589 8
315 10
285 5
570 8
436 7
73 8
483 3
638 3
22 7
162 15
540 10
470 8
74 9
114 7
513 7
205 9
1 5
75 10
648 4
166 16
259 11
116 8
66 6
539 13
552 11
619 6
316 9
419 9
444 7
66 7
346 8
6 9
331 11
31 9
145 11
288 9
6 10
587 5
550 14
490 9
365 10
308 7
461 8
348 6
677 9
116 6
659 8
525 5
378 10
378 11
573 12
683 10
41 8
560 15
350 7
191 11
468 9
455 7
109 9
690 11
91 8
438 10
672 9
594 5
176 2
430 10
646 9
693 5
235 7
242 3
700 12
598 6
371 6
285 13
341 5
171 6
466 8
32 10
71 8
376 7
368 9
101 4
42 9
16 10
488 10
363 2
532 2
635 8
544 11
200 12
621 10
331 3
491 11
340 10
391 11
73 9
540 8
524 6
428 6
531 10
108 9
140 9
132 9
528 7
33 11
181 7
44 10
714 10
235 10
279 4
514 6
359 6
75 10
642 11
563 4
228 9
192 17
671 9
538 8
263 7
539 9
221 9
428 5
54 12
86 5
263 4
341 8
723 11
336 6
541 6
175 6
242 11
66 5
194 3
627 16
484 11
284 8
102 9
515 8
665 12
497 11
6 11
17 11
394 3
500 12
330 10
480 11
453 6
185 6
399 8
230 10
623 8
781 13
566 10
342 6
738 7
1 6
290 9
136 7
615 6
719 11
374 11
7 12
712 10
162 10
668 13
264 6
464 7
649 6
314 12
75 7
740 5
138 8
204 4
155 10
155 11
431 8
319 13
1 7
49 11
595 11
666 17
771 6
157 12
807 6
418 9
99 11
119 5
324 14
650 9
204 8
374 9
124 10
705 7
495 6
143 9
555 9
752 12
564 12
110 10
586 7
302 7
144 10
285 8
398 12
827 7
722 13
345 14
293 5
216 5
299 8
511 12
631 9
144 11
575 13
750 9
795 8
120 6
8 13
659 7
772 13
474 12
684 8
381 7
749 6
736 14
178 11
599 4
178 12
494 6
500 8
690 9
73 6
743 15
227 18
460 9
287 7
96 6
1 8
74 7
861 8
781 11
414 13
115 11
772 3
206 7
676 8
327 10
811 6
685 9
677 9
488 13
348 15
579 9
866 9
669 12
760 16
250 13
461 10
849 12
171 13
22 12
493 14
686 10
847 7
538 13
697 10
832 10
323 8
586 10
483 12
367 15
143 10
516 7
693 11
723 10
531 7
9 14
297 8
297 9
900 9
519 8
527 9
584 13
402 8
515 6
422 7
462 10
876 13
422 8
223 9
847 7
431 14
462 4
521 7
521 8
287 12
452 12
658 7
861 11
910 10
446 7
316 6
541 10
833 12
117 12
414 10
878 9
300 10
361 16
392 11
300 11
233 6
711 13
841 13
901 14
83 8
771 18
441 15
42 12
551 11
768 7
9 15
491 11
837 4
191 13
714 5
305 12
906 8
637 10
867 14
566 8
93 11
766 11
802 14
285 10
850 10
223 7
825 17
596 12
448 16
788 19
970 14
66 13
509 10
472 13
43 13
310 13
106 7
375 17
926 9
707 12
719 3
324 9
605 13
339 9
593 14
526 13
1 9
870 11
776 10
988 15
797 8
496 11
777 11
807 20
886 14
456 17
808 21
88 9
584 9
520 11
853 18
244 7
615 14
567 9
763 12
351 9
351 10
986 11
534 14
449 4
399 16
607 15
251 19
740 4
441 11
303 13
57 12
507 12
271 14
570 9
864 8
484 8
89 10
156 11
749 5
348 10
82 8
255 20
225 8
829 9
636 15
839 22
37 8
250 8
1002 11
677 11
551 15
580 10
666 14
475 18
101 12
70 14
252 9
735 8
705 14
744 11
366 11
915 7
236 8
993 10
523 13
378 11
367 12
996 11
608 12
549 12
1045 10
712 15
150 11
753 12
391 5
925 8
899 9
484 19
92 11
1017 15
298 11
513 14
184 10
827 11
673 12
256 10
347 10
103 13
535 14
802 6
620 13
453 7
45 14
999 12
359 7
604 11
798 10
302 12
799 11
104 14
920 10
315 11
607 12
414 18
1 10
449 12
689 13
823 14
716 12
243 9
611 13
582 16
26 13
435 17
866 12
87 9
1014 8
87 10
214 14
652 10
108 15
310 13
884 12
566 12
323 12
248 10
1078 12
773 5
159 12
569 13
551 5
61 13
892 13
661 11
142 13
232 12
573 14
463 13
421 8
683 16
804 13
218 15
253 11
155 7
1048 13
578 15
808 14
467 14
206 14
497 12
1045 9
562 6
409 12
626 15
828 13
806 9
162 13
155 8
485 8
257 12
961 15
514 5
308 15
569 7
933 10
569 8
1117 13
163 14
797 7
439 19
26 14
902 12
859 12
550 9
325 14
764 13
271 10
612 13
1080 14
908 13
766 14
790 16
552 10
911 14
1134 14
997 11
598 16
693 12
769 15
940 14
817 6
853 14
26 15
389 8
510 13
431 6
379 11
1008 12
844 15
1051 12
398 11
100 12
1079 15
1126 12
283 11
584 9
914 13
112 16
715 7
1 11
413 13
1072 15
807 17
214 15
532 6
77 15
743 16
148 14
474 18
184 12
569 11
289 12
184 13
1197 11
765 14
444 7
77 16
138 12
446 8
947 15
292 13
150 15
870 16
236 16
465 20
1168 16
888 15
131 8
657 17
369 14
562 20
50 15
460 9
1163 13
618 15
65 14
1230 16
824 11
989 15
977 13
239 17
913 6
454 9
42 9
994 16
653 14
464 10
387 14
269 9
1231 12
528 9
873 8
657 15
1076 19
1247 17
42 10
718 10
690 16
807 15
1239 13
67 15
415 9
934 13
1056 16
227 16
470 11
949 7
179 15
883 9
194 14
712 14
1031 11
1165 10
829 16
988 16
451 13
942 14
1179 15
136 9
263 13
381 15
1049 23
939 7
108 13
1175 11
1121 9
885 7
1212 14
638 16
1042 12
247 18
287 13
42 11
232 17
1262 12
1218 15
866 18
1002 17
197 15
955 15
460 14
223 11
475 10
197 16
315 14
1146 5
1298 18
1273 13
1219 10
1009 18
53 16
862 12
84 17
111 14
864 13
877 19
715 17
1075 24
715 18
162 16
867 14
867 15
287 10
784 8
591 9
974 16
12 16
1072 13
384 13
484 11
1199 16
437 10
370 15
790 9
275 14
959 16
28 16
1272 17
127 17
1273 18
277 15
292 11
418 15
403 16
103 11
950 17
376 16
1153 20
1007 8
1183 6
405 17
28 17
776 14
222 12
1093 14
1131 17
424 16
146 10
452 11
129 18
513 12
224 13
1186 10
587 9
979 17
224 14
1248 12
299 12
680 17
129 19
1220 16
948 10
590 10
1121 25
446 12
1240 17
239 12
1225 17
481 14
286 16
553 19
752 19
148 11
1316 19
949 8
56 17
434 17
485 15
576 15
196 16
1307 16
710 17
172 17
983 18
1273 13
779 15
88 18
1096 14
712 18
437 18
173 18
191 9
45 12
1145 26
276 19
508 15
1384 14
1027 8
718 19
1036 17
174 19
1206 21
985 10
633 7
107 12
704 18
988 11
884 15
1018 18
107 13
134 20
683 15
299 17
1100 19
673 12
950 20
685 16
196 10
814 11
780 20
686 17
28 18
135 21
542 13
490 12
344 11
254 13
1162 15
651 10
1147 17
1007 12
808 16
356 15
1009 13
711 10
332 14
12 17
1352 11
812 17
1242 22
1354 12
358 16
1110 14
29 19
426 14
1145 15
487 12
717 11
1128 20
359 17
269 18
1284 7
653 8
703 18
1053 19
1105 15
137 22
1296 13
1098 9
429 15
1230 18
227 17
445 18
644 14
1175 18
430 16
362 18
845 12
924 16
1031 14
1131 15
1384 13
227 18
123 15
1399 17
1109 10
521 16
1373 16
12 18
1025 11
761 20
876 13
1154 21
914 17
714 19
672 11
577 21
1335 18
865 15
1316 8
78 16
355 12
1286 23
275 19
1183 16
556 12
1456 15
857 13
525 17
501 13
262 14
1502 19
94 19
1189 17
1426 18
528 18
296 20
12 19
810 18
410 16
62 18
12 20
778 21
679 9
870 14
1199 18
32 20
509 14
1219 19
1309 24
1506 15
1364 19
1522 20
1038 8
12 21
1431 14
524 13
1143 11
804 16
783 22
1058 12
1187 22
1050 9
1228 20
179 13
660 11
33 21
54 13
101 20
1055 10
514 15
1368 14
1180 16
982 16
1029 21
466 19
812 17
656 10
1223 19
398 21
1278 27
1535 16
451 17
419 17
1204 23
765 12
488 19
342 13
195 20
215 11
1251 21
1142 9
33 22
358 15
1500 20
289 20
329 18
1470 15
1470 16
785 19
677 12
1015 17
587 13
600 14
541 14
1089 13
830 18
514 13
1104 15
102 21
102 22
948 10
1454 14
920 16
137 16
1057 22
870 21
559 19
1255 20
86 17
499 20
499 21
1014 17
364 16
1564 14
724 12
1065 23
664 16
125 14
1401 11
1554 16
1108 14
703 15
564 20
482 20
720 10
1204 12
352 14
668 17
466 18
708 16
1026 18
650 20
450 17
1378 13
1415 12
830 23
957 14
1380 14
1518 17
526 14
555 15
1605 17
832 24
1 12
1624 21
233 17
1019 17
354 15
397 19
385 13
678 18
354 16
202 21
1615 18
1406 25
178 12
598 16
1433 13
69 19
514 22
442 18
537 15
927 18
704 11
1540 18
299 21
538 16
358 17
555 16
1323 22
950 15
517 23
1222 18
1039 18
1075 18
253 19
759 13
1256 16
1008 17
445 19
341 19
1416 15
1416 16
1614 17
1631 15
955 16
88 18
956 17
128 15
1187 19
628 14
715 12
502 21
1440 26
143 17
741 17
1605 21
1676 22
1163 15
658 22
1 13
1506 20
564 17
784 21
1329 21
14 22
1041 18
1434 17
1218 20
1637 18
430 22
382 17
489 19
1567 17
636 15
841 13
1358 23
1441 18
1270 13
1521 21
552 17
130 16
778 14
1593 19
1177 16
490 20
1137 24
36 23
532 24
730 13
1292 17
1213 20
1393 16
401 14
731 14
606 21
820 13
1664 19
164 23
1285 14
164 24
1002 17
1357 22
716 19
836 20
1723 23
1705 19
888 25
1063 19
403 15
437 23
131 17
1655 22
677 23
497 21
1068 20
72 20
1605 18
1190 11
842 21
863 14
1577 18
1686 20
149 18
1433 28
36 24
1285 19
1073 21
652 16
1057 18
1208 17
93 19
1424 17
1469 19
1000 18
1425 18
1443 29
1310 15
73 21
789 11
1663 19
523 22
1230 16
1561 15
1329 18
708 21
287 15
1248 21
905 26
94 20
207 14
1673 20
777 18
1522 27
732 20
890 20
1127 19
954 19
1212 12
395 18
1510 19
1181 25
1280 21
1280 22
270 20
1149 19
644 17
221 22
341 21
771 13
1586 16
1385 24
646 18
1054 15
1387 25
1606 22
1628 19
291 16
382 18
1340 16
578 18
865 22
1633 20
1704 21
1358 19
1748 21
1463 19
901 21
720 22
254 18
1773 16
1514 20
833 22
1381 17
1423 23
1583 14
555 25
1779 17
685 15
1737 23
114 23
1065 16
1109 22
309 15
1281 22
1369 20
687 16
1093 19
1745 24
1826 24
895 15
703 24
1252 18
1569 28
345 22
1551 20
1637 23
1233 9
1638 24
208 15
1779 22
689 17
998 22
387 19
387 20
1000 23
981 20
657 19
73 22
441 20
1386 21
1 14
1745 22
1791 23
258 19
139 18
681 17
1302 23
411 19
1855 25
175 25
683 18
1480 24
249 12
1 15
1156 19
1013 24
1398 22
158 19
667 20
376 20
1560 21
1725 19
834 12
435 16
38 25
1468 24
1695 21
1695 22
708 18
649 22
203 13
216 16
1364 10
76 23
1522 20
810 14
1523 21
1266 10
1615 29
824 19
534 22
1007 21
217 17
845 13
1505 25
421 20
677 21
1329 24
580 26
1033 25
699 19
1718 23
1755 20
16 23
180 26
340 22
1254 26
460 21
1303 19
740 25
1677 9
938 16
1727 24
289 21
1545 22
206 14
1853 24
1307 20
1895 20
1682 10
1285 11
1042 26
1391 11
64 14
1403 20
291 22
1714 25
979 27
121 24
78 24
1906 21
1026 22
183 27
1316 21
1446 23
347 23
1470 18
773 23
1684 15
1699 11
210 15
1810 20
1490 26
913 14
1115 18
1755 25
1382 23
864 14
78 25
1117 19
893 23
1137 17
1624 22
968 22
1696 16
372 23
693 22
932 23
243 23
574 23
436 21
1555 26
1796 15
1464 24
1063 27
266 13
1233 20
1800 16
1678 30
1491 19
1431 21
1680 31
266 14
886 15
103 21
1176 20
1196 23
556 23
212 16
1889 25
1240 21
1762 26
339 16
1322 12
1169 11
268 15
1944 18
1004 28
1099 19
1285 16
1285 17
245 24
845 15
341 17
358 24
1557 25
1992 26
813 21
896 16
148 19
1845 21
849 16
383 24
1081 28
1041 19
427 21
793 24
1131 19
1893 23
229 18
78 26
1389 17
1318 27
1199 21
919 24
1775 17
287 20
734 20
905 17
1118 20
1021 29
1885 21
1954 25
872 20
1579 26
1956 26
1178 18
362 25
1726 32
962 24
1497 17
1776 12
287 21
844 15
677 16
660 18
1 16
1765 17
1185 19
862 17
739 21
1129 21
679 17
1567 27
126 25
1220 22
250 25
170 20
2043 27
2022 22
782 26
105 22
1513 18
1 17
784 27
1374 13
1678 30
1039 30
1227 23
1710 23
908 15
1561 20
923 18
1 18
1636 27
1072 20
294 22
1381 14
890 21
420 21
520 24
788 28
1259 24
1047 31
19 24
237 19
1674 23
1697 31
1511 22
1011 17
842 22
422 22
1418 22
918 16
1516 23
155 20
1705 32
1705 33
1155 22
753 22
1631 27
656 19
584 24
956 25
1296 20
1249 24
238 20
298 23
1748 24
997 25
425 23
679 19
1243 12
19 25
1473 25
1498 24
528 25
19 26
614 24
1307 21
240 21
1970 22
177 21
2067 19
833 25
1048 23
556 20
2044 27
1072 32
1508 25
1 19
1445 23
406 25
578 18
1358 20
1876 18
791 19
1076 33
1450 24
2055 28
1948 17
1691 28
1552 24
406 26
20 27
1038 18
1242 20
672 20
957 19
1547 12
1699 29
1386 18
1156 29
1786 25
349 17
795 20
1563 25
890 16
179 22
924 22
1869 18
1554 13
1681 28
962 20
1840 33
694 20
1506 26
305 24
501 17
1334 22
602 25
928 23
1898 13
1511 27
305 25
112 23
541 26
47 26
1316 25
899 17
1223 20
521 22
1651 21
1366 22
1966 26
521 23
703 21
1297 25
292 16
1154 23
2035 23
1101 34
484 22
414 27
1788 34
830 29
906 18
2181 28
1139 21
1490 25
1532 28
1464 15
810 21
1562 26
136 26
1589 14
1910 19
1718 29
2191 29
73 15
549 27
1187 30
1964 27
1143 22
1803 35
137 27
929 18
1338 26
792 23
1571 27
1655 25
1922 20
467 22
1599 15
2002 27
1657 26
1366 23
1926 21
1640 19
866 26
1223 23
2008 28
641 25
1194 31
233 17
1394 23
2057 22
312 26
1881 21
1821 36
1988 28
338 23
2183 20
1608 16
312 27
645 26
396 26
1399 24
939 19
899 23
312 28
423 28
2116 24
558 28
397 27
47 27
1564 29
805 24
651 27
1452 19
678 27
1065 26
1732 28
1641 26
1712 22
2152 26
20 28
75 16
1134 35
2155 27
883 27
274 26
788 23
1558 18
708 21
1933 34
2188 29
1 20
813 25
1 21
631 26
770 23
2052 29
2006 19
2266 30
1972 22
2267 31
1297 20
1973 23
50 28
404 28
170 21
22 29
462 24
1125 24
530 18
1381 27
508 23
1008 17
1306 21
531 19
79 17
532 20
22 30
173 22
1544 13
282 27
1936 22
1744 23
2048 29
1193 23
535 21
1939 23
1962 35
645 27
1548 14
2022 14
2130 23
410 29
22 31
558 24
1490 20
1298 21
354 24
326 29
1083 15
1166 36
773 18
1365 13
752 22
2239 30
677 28
355 25
1348 21
1170 37
1522 28
1550 16
380 18
2074 30
283 28
2042 15
967 19
542 22
416 30
2178 24
1413 28
1904 37
1354 22
1333 22
710 28
1907 38
759 23
2260 31
2260 32
655 28
1513 21
1095 16
2188 25
446 29
98 27
713 29
125 24
1622 19
1567 17
851 26
1038 18
954 24
997 20
418 31
1870 30
744 22
329 30
176 23
1251 24
1794 24
717 30
81 18
386 19
126 25
1932 39
223 28
1196 38
2261 28
1613 26
693 29
1155 19
407 18
775 24
1442 29
1442 30
1980 26
910 30
268 22
457 30
1542 22
389 20
1119 17
2035 36
892 22
2277 29
1895 31
99 28
1164 20
252 18
1369 23
2282 30
780 25
1993 27
127 26
1124 18
2197 18
1619 15
253 19
538 24
1126 19
674 29
1301 32
1277 25
2376 23
81 19
1424 14
1022 21
675 30
2033 24
1518 25
1195 25
1382 24
517 23
1917 32
1282 26
394 21
1793 20
1470 31
1892 30
295 29
1637 16
612 29
1008 20
1448 26
957 28
53 29
2378 21
1597 29
958 29
739 31
496 25
681 31
883 27
1535 26
1293 27
2058 25
1604 30
910 23
1483 32
712 30
1377 22
1295 28
82 20
821 19
1817 21
102 29
1889 29
1776 17
1776 18
2314 25
327 17
1167 27
1796 27
2342 31
1778 19
374 26
1 22
277 23
2078 26
779 23
1958 33
1281 24
869 24
1709 20
1282 25
1219 26
2304 26
1108 21
620 30
1370 24
1221 27
2443 24
1791 20
1715 21
2002 24
1736 30
2471 32
300 30
1110 22
1606 23
1676 17
1069 24
750 32
1112 23
1253 39
1317 29
1775 28
1823 28
2166 24
2205 20
1542 24
1402 23
1160 20
1379 25
2209 21
1094 19
503 26
2309 24
1209 21
1572 27
1706 27
652 21
2140 37
1 23
1097 20
875 25
1141 26
1262 40
1648 31
1118 24
84 21
2148 38
1890 27
876 26
809 26
786 24
624 31
1442 25
755 33
505 27
1469 23
789 25
1493 15
908 28
1197 28
859 24
134 27
1984 31
1199 29
841 20
350 31
1667 32
350 32
1231 22
1646 24
261 20
1024 25
1648 25
844 21
1 24
2150 27
1071 22
1997 32
1236 23
1093 25
916 29
1414 26
189 24
2002 33
1329 26
411 22
2187 39
1827 29
970 31
1716 18
684 19
1468 26
1002 30
1662 26
433 19
85 22
1805 31
1885 29
1784 22
386 27
2400 27
1449 24
515 28
1939 28
1450 25
852 22
1007 31
612 25
136 28
1301 41
455 32
1108 26
1675 27
2311 31
2000 30
2096 25
670 22
1753 18
1 25
216 23
165 28
217 24
2069 34
906 27
440 20
986 32
1232 30
1094 23
2563 25
1665 21
86 23
987 33
862 23
2389 19
2432 28
2137 40
1963 29
343 18
494 31
2273 25
1446 27
313 31
2117 26
554 24
1270 24
2579 26
1025 32
2240 40
2023 31
1528 24
166 29
422 23
915 28
2477 26
626 26
1954 22
1175 25
1797 28
580 25
945 30
2431 25
1781 19
2542 33
1302 28
422 24
2513 32
2386 30
1802 29
628 27
1304 29
86 24
1489 26
1988 30
1160 21
139 29
1739 33
245 29
1810 30
1544 25
1162 22
631 28
712 20
1436 33
501 32
2452 26
2403 31
1816 31
2337 16
197 25
714 21
2537 33
955 31
633 29
1216 27
2410 32
1905 30
693 23
1906 31
2518 27
534 29
1171 23
57 30
2129 35
2615 22
2324 26
2550 34
1220 28
695 24
350 19
2193 41
472 33
2069 32
1483 28
1175 24
2017 31
2172 27
2479 27
505 33
2138 36
2105 34
567 25
26 32
88 25
403 28
278 21
2684 33
1181 25
1891 32
1693 28
1333 30
2211 42
1520 27
2083 33
509 34
843 26
970 32
843 27
704 25
1618 27
1777 34
1 26
2502 28
1410 27
1285 31
1005 24
59 31
1469 34
545 30
2457 33
2707 34
784 31
2131 35
374 33
902 24
2300 28
202 26
1474 35
1841 20
1977 21
1823 19
144 30
1631 28
1565 27
376 34
1349 31
438 25
144 31
464 21
822 34
1722 29
822 35
1800 35
304 24
2386 27
885 27
1876 32
1109 26
1838 20
465 22
1521 29
2392 28
989 33
937 25
2459 32
962 29
1433 28
230 25
1865 21
1114 27
59 32
231 26
1262 29
1559 28
862 28
231 27
205 27
1119 28
1854 21
1643 16
1951 33
309 25
1720 25
1267 30
2145 34
1954 34
768 32
1646 17
768 33
2595 29
2323 28
365 20
641 23
2449 17
288 22
528 35
1037 25
2384 41
1274 31
2524 34
2078 23
1037 26
1868 22
2664 35
27 33
1177 24
976 30
117 30
1361 25
873 29
1839 36
1362 26
1280 32
1877 23
1553 30
1332 32
1462 29
422 29
874 30
1206 27
531 36
567 31
1908 22
1071 34
2212 36
1591 29
2802 35
2517 33
2603 29
1338 33
2689 36
1236 26
1045 27
700 32
1651 26
2129 32
1 27
2292 28
908 28
1993 35
1048 28
985 31
2166 25
599 26
61 33
1018 34
2495 18
1899 24
263 30
61 34
95 26
677 30
2572 35
1249 27
1766 26
2271 37
2176 26
342 32
151 32
2808 27
709 33
656 24
318 26
2277 38
2097 30
239 28
212 28
2793 23
2760 34
95 27
2445 42
2699 28
2185 27
1800 30
2349 43
2823 28
2420 29
1697 18
793 34
1258 28
2017 36
1587 31
1746 33
241 29
400 35
2329 29
380 21
2000 23
465 26
639 26
639 27
981 26
2464 43
1559 36
1134 33
1007 32
2148 24
1431 32
2031 37
2580 34
690 31
2791 35
1008 33
613 27
2071 32
465 27
902 31
184 30
903 32
1438 33
1359 21
1274 29
1473 42
2766 37
2482 44
28 34
324 27
1989 33
1110 35
759 26
1726 19
1992 34
2432 29
302 23
2871 29
2636 36
760 27
2254 35
325 28
2538 29
1114 36
1749 29
2366 30
788 22
1020 34
519 34
876 36
123 31
2333 39
2179 25
2128 22
498 23
1784 34
1156 34
2890 30
1959 25
700 32
1157 35
2693 20
123 32
1094 29
2272 36
1222 21
1493 43
245 30
275 31
1827 27
187 31
626 28
1064 35
1227 22
2635 35
1696 28
276 32
2851 36
1408 34
1408 35
2117 33
1772 30
885 37
28 35
683 25
2623 22
124 33
2766 30
310 24
599 32
220 29
311 25
417 36
1986 26
1452 27
97 28
483 28
2071 24
2217 26
2413 31
1586 30
2779 31
1481 34
2811 29
748 34
2447 44
2447 45
568 37
1287 28
2882 37
1931 28
2817 30
1369 33
2496 30
511 24
995 25
867 32
811 23
1885 31
1794 31
511 25
2635 19
2533 30
667 28
1408 22
2934 24
2505 31
2291 28
1724 29
1269 25
2261 33
2235 27
2205 31
63 35
1726 30
398 22
420 37
2400 40
1325 30
281 33
1381 34
1671 32
2332 37
943 33
1473 28
1953 29
874 33
2275 34
1439 36
222 30
757 35
575 38
63 36
1479 29
1443 37
283 34
703 26
1231 29
1446 38
1619 31
1424 23
577 39
2540 32
342 29
1689 33
1857 35
985 29
1039 27
371 33
2182 34
2941 38
2395 37
2702 23
1395 35
1811 20
1626 32
2799 21
545 35
1659 37
1016 26
1959 22
342 30
1315 29
766 36
521 26
1141 30
2484 32
1840 32
2282 28
2959 39
1293 26
1765 31
735 33
1563 44
2896 31
768 37
427 38
1846 33
1800 27
2968 40
710 27
924 38
1176 37
2321 35
1277 23
1535 35
834 24
1948 32
3070 36
2031 37
3041 31
2174 38
770 38
835 25
2645 45
2853 30
28 36
1983 23
1359 31
1054 28
2368 29
2471 41
738 34
495 29
3085 37
2370 30
1393 26
2277 32
406 23
2895 32
1363 32
2551 46
2079 27
2106 23
864 35
193 32
1481 39
840 26
626 33
2759 24
28 37
1090 35
2049 38
2561 47
1062 29
2671 46
2943 32
1851 21
815 28
2270 23
1092 36
1128 36
1665 33
129 34
129 35
2145 35
529 27
1 28
1532 30
1641 30
592 40
820 29
910 34
665 29
1675 34
876 36
29 38
1748 34
166 33
559 36
2812 36
2769 20
1417 27
2043 30
2440 38
1176 31
1176 32
413 24
2591 48
2223 39
825 30
726 28
1719 38
2299 24
2144 24
291 35
2204 25
476 30
29 39
104 29
1365 30
2530 42
416 25
1857 28
1797 30
759 35
2992 33
958 39
2395 36
263 31
2432 31
263 32
2723 47
1116 37
3133 32
2157 25
1087 30
2467 39
481 31
927 35
2160 26
644 34
1262 36
1950 36
3041 38
1592 36
1918 34
2855 37
330 26
1036 30
1408 33
569 37
680 30
646 35
168 34
2632 49
2482 40
2233 26
1845 32
2793 30
2146 28
1845 33
647 36
2263 40
2847 25
2996 33
804 39
1745 39
420 26
1166 37
1386 31
2153 29
331 27
1852 34
1273 37
1936 35
1452 28
202 33
2500 41
902 37
2959 22
3179 33
2276 41
1826 31
1341 24
686 31
686 32
848 31
2892 38
746 29
486 32
1107 31
359 31
359 32
1698 31
1526 24
653 37
1284 38
3093 39
2826 31
1432 34
2291 42
1322 30
3001 31
424 27
2206 27
2294 43
2054 33
1531 25
2524 42
391 34
2789 48
425 28
1627 37
1087 27
235 31
2378 25
888 27
2993 23
2993 24
1473 29
1089 28
783 36
858 32
133 36
2441 29
1605 31
3224 34
1782 40
1856 32
784 37
1972 36
1413 32
2585 38
1413 33
1 29
619 41
1095 29
3034 32
526 30
620 42
923 38
1931 29
3175 41
2364 35
923 39
3138 40
394 35
3244 35
2819 49
170 35
1130 32
1964 22
2679 33
761 30
2059 28
1491 30
2764 33
1581 40
828 40
1103 30
3085 34
2027 37
1800 41
1346 31
3236 25
2688 34
2535 32
1165 38
2151 31
363 33
1910 35
30 40
1975 23
1695 45
2254 28
3098 35
2446 33
397 36
625 43
206 34
3046 25
2621 39
1245 33
1501 31
3315 38
2704 35
3175 41
2105 34
1567 26
2551 33
1006 40
1171 39
833 41
1956 30
1172 40
906 28
738 29
365 34
2148 24
590 38
1894 33
3089 33
2637 40
2595 43
3124 36
1011 41
740 30
2597 44
2723 36
2245 30
2500 30
3199 42
1086 31
3098 34
3037 37
533 31
2366 44
838 42
1397 25
2447 26
1448 34
206 35
2981 26
2158 25
1583 27
1548 36
839 43
914 29
839 44
2936 32
2580 34
2580 35
2859 31
3328 36
2005 24
1225 38
1655 32
436 29
1876 35
70 37
2997 27
1523 32
1658 33
1591 28
985 36
2491 34
2491 35
1730 46
1266 34
2327 36
744 31
3204 34
1229 39
305 36
1023 42
2760 37
568 28
1923 34
2565 37
714 33
505 33
1959 36
1815 35
1307 38
3146 35
809 38
1962 37
1308 39
2921 50
1069 34
1164 33
2216 32
635 44
30 41
506 34
1676 34
2290 31
894 33
369 35
3373 37
719 34
2656 45
2099 38
1109 32
3414 39
3269 43
896 34
2461 36
2523 36
3167 36
1798 32
3021 21
1 30
2260 39
1427 26
470 39
721 35
1321 40
787 31
2018 31
3213 37
2670 46
963 40
343 28
1760 47
3119 38
3332 42
2838 50
2429 45
3159 26
174 36
72 38
72 39
1 31
1625 29
2894 34
548 32
1183 34
2315 32
2482 37
1 32
1731 38
214 36
3016 33
1732 39
113 30
74 40
3019 34
3177 27
2250 33
3278 35
3054 22
1187 35
2164 29
3143 39
694 38
945 30
1931 36
2860 51
552 33
2824 38
450 30
1892 42
1739 40
586 29
2628 38
586 30
3257 38
1419 32
1861 36
3297 36
1131 33
553 34
74 41
481 40
451 31
1424 33
919 35
837 39
181 37
353 29
1513 35
2715 47
1105 35
2407 37
484 41
2645 39
2516 38
2972 32
593 31
779 32
3216 28
2152 39
881 45
2811 43
2117 37
1144 34
1519 36
706 39
3508 40
1244 41
2563 27
2226 35
2158 40
3365 44
3255 37
2565 28
1881 37
1728 35
2361 33
1763 41
2395 29
1398 39
2070 32
1921 43
417 37
3160 39
3266 38
1 33
2129 38
884 46
2272 26
2003 35
383 36
1474 27
3167 40
1 34
1475 28
1891 38
3353 37
816 32
2244 36
2650 31
1443 34
3041 51
1 35
3149 28
1292 40
257 32
2846 44
1153 35
2482 27
386 37
3328 39
2483 28
2894 39
2143 39
3136 23
1295 41
2223 30
1483 29
2854 45
1821 48
3413 45
2350 40
321 37
753 36
1984 37
3111 35
892 47
2632 37
3532 38
1339 35
2605 29
3115 36
3309 39
892 48
289 33
3389 38
1786 42
2866 46
1194 31
2706 40
462 32
2462 38
1520 27
3124 37
2678 32
1547 37
2530 46
2530 47
535 35
257 33
2032 36
3487 43
944 36
1653 37
857 40
2071 38
1 36
1525 28
2653 38
3305 29
258 34
1920 39
3540 26
1232 36
3415 39
2694 33
2589 39
2695 34
2476 39
2892 47
1960 44
573 35
3148 38
2592 40
3098 52
1765 36
1801 43
258 35
861 41
2046 37
797 33
574 36
3195 24
3287 40
1136 36
641 39
185 38
575 37
3331 30
2528 29
2052 38
2674 39
907 49
1062 37
1177 36
467 33
1178 37
1178 38
835 33
2876 41
2435 34
1608 35
1643 33
3237 29
2723 35
644 40
78 42
186 39
1983 45
1104 43
2885 42
395 38
3462 40
2443 35
2403 41
962 37
962 38
2107 39
1186 39
2845 48
1000 31
2894 43
3663 41
3230 25
1552 29
872 42
78 43
330 38
2701 40
2287 31
3146 53
1954 40
1954 41
297 34
3202 39
151 37
3150 54
1833 44
1494 35
1587 38
620 32
1760 41
3302 41
583 38
37 42
3493 41
1762 42
1079 38
3252 26
1384 36
1764 43
333 39
1267 37
971 39
1970 42
847 34
2837 36
1739 30
2539 40
2764 36
1596 39
2877 49
509 42
1741 31
2658 41
1815 37
1671 34
3177 55
3476 40
401 39
1774 44
3673 39
587 39
2104 39
1707 38
1707 39
781 37
2667 42
1124 44
122 31
1544 30
37 43
3189 56
2029 46
2392 27
3660 27
479 34
1018 32
2628 48
701 45
2949 44
3731 42
629 33
1647 36
3733 43
3429 31
1399 37
1788 45
1210 40
2869 37
2333 32
2956 45
374 30
3355 42
1401 38
2568 41
2797 37
591 40
1212 41
1 37
1322 42
2467 42
3147 35
1254 32
3365 43
2840 41
2166 40
2373 37
124 32
2577 42
38 44
1590 30
1215 42
1179 37
1622 40
2701 43
1216 43
2213 33
338 40
1804 46
1098 39
2421 28
82 44
3328 27
988 40
2275 40
1183 38
939 50
1334 43
448 38
1938 49
637 34
2257 25
2184 41
637 35
3478 32
3395 44
1673 37
2572 30
2997 46
3129 52
3248 57
1104 40
2645 30
2286 41
2261 26
3599 42
1991 33
270 36
1605 31
195 40
1945 50
341 41
195 41
3736 28
1273 33
946 51
3357 28
2507 43
2296 42
1466 41
1753 40
2239 34
2888 42
1037 33
3392 30
2199 42
38 45
905 43
2277 27
3205 36
2893 43
1645 41
237 37
2895 44
2818 41
3587 41
906 44
1616 32
2422 38
2749 44
310 35
83 45
1351 44
1763 41
3440 45
1729 35
238 38
2635 43
1765 42
3131 40
2495 34
2953 38
2048 43
1884 38
2955 39
646 36
3690 46
1885 39
1591 31
2320 43
3396 29
1438 39
767 40
83 46
2538 44
3272 33
2366 41
2366 42
768 41
1400 42
768 42
2817 30
2695 31
3243 37
914 45
2370 43
83 47
3246 38
1703 38
724 46
916 46
240 39
2375 44
1014 41
1449 40
460 39
499 35
391 31
3204 53
3600 40
3840 40
816 38
1987 51
2236 43
3772 44
3388 40
3207 54
1254 44
1988 52
1172 45
2745 49
2500 29
1829 32
612 41
1300 34
2166 38
162 38
578 36
1540 40
2080 44
1499 42
1459 41
280 37
1176 46
83 48
318 36
1840 33
3508 46
1684 42
1306 35
3354 58
1098 41
893 35
2765 50
426 40
1508 43
1657 33
2737 32
505 36
3150 48
3678 42
466 40
1628 32
661 37
2412 45
281 38
3109 47
3336 34
163 39
622 42
2559 35
900 36
2230 40
282 39
1856 34
1352 38
3693 43
2535 30
321 37
3070 50
624 43
1110 42
1894 47
3659 41
3875 29
3218 41
2604 45
470 41
83 49
132 33
2384 44
3633 33
2793 51
1323 36
2385 45
2920 42
472 42
3000 45
3844 45
1081 34
1709 43
1709 44
1949 40
1281 45
3761 43
3329 39
3925 41
1754 39
836 39
514 37
1117 43
3279 55
3901 30
1713 45
3973 44
1200 47
3812 47
2667 36
3376 35
3936 42
1448 43
1330 37
245 40
3340 40
245 41
1802 36
3246 42
165 40
2739 44
2593 36
752 47
1334 38
3948 43
1841 43
3919 31
517 38
435 41
3629 41
3206 49
2568 31
518 39
3790 44
1167 41
3488 41
1208 48
3589 47
883 34
2877 45
2922 31
557 43
2108 34
1051 42
557 44
1927 48
2059 53
3440 59
1547 44
476 43
1852 44
3502 42
2239 39
2422 46
2018 45
165 41
1054 43
364 42
1780 40
1780 41
3133 51
1857 45
604 37
2972 43
1005 52
2370 35
2815 33
1218 49
364 43
3239 50
479 44
2290 41
3333 56
852 40
1601 41
2854 52
1909 35
247 42
1910 36
2256 40
963 47
1272 39
247 43
1949 49
2914 46
854 41
165 42
1748 46
3888 48
526 40
566 45
1524 42
968 48
367 44
165 43
3262 51
730 41
4020 44
2765 31
1528 43
3454 36
443 42
1657 36
3267 52
1282 40
3951 46
4072 45
3553 43
3743 34
2052 46
2878 53
1573 45
614 38
1150 44
412 32
821 43
2694 46
2404 36
2852 34
570 46
775 48
2941 47
1812 42
1411 39
1666 37
2518 46
2892 54
2783 32
1937 37
208 42
1199 42
908 35
2370 44
1669 38
3680 48
208 43
3520 60
980 49
699 38
3983 47
2247 47
2528 47
3809 42
2169 35
2795 33
1543 44
3203 52
3528 61
414 33
533 41
4071 45
1745 34
2876 35
3593 44
3400 57
2074 47
2682 37
2300 41
3908 45
2683 38
447 43
659 44
2428 37
2686 39
370 45
2037 41
3178 40
2688 40
3054 44
2540 48
1716 33
1829 43
333 38
2926 55
1991 50
832 44
2218 45
952 37
3107 38
705 39
132 34
2549 49
3931 46
4025 48
1913 46
1834 44
2441 38
2857 45
1389 39
2136 54
1684 39
2137 55
295 40
3157 46
3394 43
1512 44
132 35
2999 48
1469 45
1215 43
1392 40
580 47
2713 41
4123 46
2367 42
3579 62
3005 49
1561 45
2145 56
2647 39
3956 47
2840 34
3872 43
296 41
1693 40
1562 46
2618 33
2651 40
1309 41
3015 50
1173 45
1139 35
453 44
4063 49
3068 32
711 40
1221 44
2420 45
4147 47
1355 46
3324 48
997 50
83 50
1267 50
1317 42
3817 42
2250 46
926 36
1574 47
1224 45
999 51
1782 35
2076 42
3383 53
1532 45
3198 47
1180 46
3482 58
3386 54
3246 41
542 42
2946 36
2121 48
1103 44
3684 45
1911 37
794 49
2905 46
542 43
3492 59
1755 34
2646 34
2792 47
3594 37
1715 41
2035 51
1492 46
4185 48
1999 38
498 45
3457 44
1758 35
1150 36
845 45
3896 35
1151 37
3897 36
1496 47
2761 42
633 39
3140 45
4070 49
1833 47
454 45
2324 48
2243 36
1109 45
1882 45
2541 28
3575 41
3789 31
969 38
2417 43
2505 39
2100 43
2742 32
83 51
1193 47
1423 41
1008 52
298 42
501 46
2149 49
1807 36
3923 37
2056 52
2628 50
2582 47
1807 37
3294 42
4275 46
1506 48
3734 46
1773 36
3492 45
1338 43
2155 50
3340 53
972 39
3137 33
3847 49
3342 54
720 41
3818 32
1735 42
3942 38
1012 53
2688 35
2436 44
3092 51
3037 56
3349 55
2955 47
1736 43
3553 60
2117 44
3952 39
1558 46
1065 53
2269 37
1431 42
83 52
170 44
763 42
2217 57
2895 37
2699 36
3962 40
3050 57
3703 63
2602 48
4138 50
1785 37
1388 47
3277 48
4051 44
2936 35
3162 34
2971 48
1166 38
2170 51
639 40
135 36
83 53
1207 48
1207 49
902 42
3979 41
3250 39
2907 38
172 45
3859 33
3643 42
2457 45
4290 49
2862 48
3895 50
858 46
2615 49
83 54
3441 49
1260 46
4167 51
2000 47
596 48
2182 52
3953 43
2508 46
3039 37
1622 48
4225 50
1670 46
2140 45
3958 44
1400 48
1 38
1358 44
2876 49
3804 47
3399 56
861 47
554 44
730 42
3049 38
305 43
1535 49
4014 42
1584 47
2246 58
2012 48
911 43
3465 50
2685 51
464 46
3321 49
2062 39
1219 50
556 45
3981 45
2689 52
1500 40
1458 43
431 34
914 44
2107 53
4074 44
2746 37
1 39
387 46
4035 43
4213 52
778 43
220 44
962 37
560 46
1693 47
1418 49
264 44
2587 40
1001 40
1192 39
3639 61
175 46
2172 46
2591 41
40 46
3000 36
40 47
610 49
3925 34
3786 64
3497 51
3124 58
2801 41
40 48
2636 29
1236 51
2037 49
393 47
2418 49
520 47
440 35
2924 50
3410 43
3659 62
142 37
2672 50
1 40
3512 52
3512 53
4205 48
2512 46
477 47
143 38
4164 45
2815 42
2931 51
3921 30
976 38
4213 49
1054 54
3923 31
358 39
315 44
1714 48
4086 44
887 48
181 47
2290 59
1 41
4324 51
3209 52
4179 46
2615 42
671 41
1060 55
1303 47
2104 40
671 42
2872 33
90 55
892 49
530 48
2395 47
3831 65
1930 48
2835 43
624 50
3309 46
4342 52
3649 46
4152 45
1 42
4109 45
1406 45
3903 48
3081 49
3489 57
3803 38
2670 30
1859 38
402 48
2065 50
2365 38
3604 55
1817 44
1776 42
3606 56
43 49
4124 46
1 43
3054 37
4496 47
3140 39
2758 53
2811 38
2159 54
1503 44
3412 50
1779 43
1503 45
1177 46
3415 51
1029 41
3148 40
404 49
2856 44
148 39
949 45
994 39
808 44
3194 59
1034 42
3340 47
1788 44
3795 43
322 45
1463 50
2325 60
1368 51
3200 60
2607 47
4292 50
2471 50
537 49
3695 47
2609 48
4450 32
3848 39
2327 61
1955 49
3489 44
1600 50
1837 45
1920 38
2139 41
2953 43
4540 48
2478 51
810 45
2571 47
1883 39
3860 40
904 50
3090 38
1884 40
490 48
2144 42
2484 52
4418 53
2399 39
1274 52
3716 48
3096 39
1 44
1565 41
1040 43
4091 51
2190 55
4234 46
539 50
2543 42
2970 44
188 48
3425 40
3726 49
2856 39
3193 41
324 46
2294 53
3382 48
4199 47
45 50
638 51
1431 46
3524 45
4444 54
2350 62
1196 47
542 51
2689 43
237 45
2733 31
1938 39
3576 58
864 50
411 50
1147 54
4590 49
4053 32
4262 47
150 40
693 43
2989 45
1903 41
4266 48
1051 44
3087 39
1051 45
1096 56
4466 55
2080 38
1292 53
867 51
4226 48
1908 42
1346 48
2315 54
822 46
238 46
1543 46
1543 47
1348 49
3268 61
3381 35
1295 54
1295 55
1295 56
823 47
1257 40
4433 53
2759 32
3274 62
238 47
1500 51
2935 45
1551 48
4151 52
4037 49
824 48
2383 63
2053 46
1259 41
2848 54
973 46
1457 47
4125 35
1019 40
4590 50
1969 40
95 56
2907 40
239 48
466 36
2237 56
3073 52
2061 47
3253 42
1745 49
331 47
4317 49
1932 43
2999 34
45 51
1976 41
4370 47
3912 44
1976 42
2781 33
3134 40
2244 57
1844 45
1 45
46 52
194 49
3506 41
3267 43
1222 48
4153 36
2072 48
1222 49
471 37
243 49
3927 45
2968 46
882 52
1315 57
2930 41
3931 46
1 46
1031 41
1423 52
2415 64
244 50
511 49
3387 53
2082 49
937 51
4140 33
4553 56
3986 41
474 38
424 51
3237 50
4695 50
2712 49
4558 57
4359 50
4311 49
2712 50
1322 58
2806 34
4314 50
562 52
3781 57
2487 40
3575 52
4318 51
2487 41
1863 46
3953 47
2810 35
2225 43
3340 63
4632 33
2489 42
1815 49
4717 51
3458 36
3210 40
1766 50
4114 50
3344 64
4286 46
3962 48
2491 43
3212 41
3463 37
47 53
4120 51
3042 35
4205 37
2042 50
476 39
4244 53
3907 63
3858 50
4060 66
1531 52
4495 51
245 51
2855 51
1632 42
2907 55
3695 59
3181 41
3755 54
3263 51
1584 49
4220 38
4136 52
1772 51
2235 44
1532 53
3425 54
1964 44
4511 52
1964 45
4194 34
4466 48
4365 52
843 49
4195 35
47 54
1 47
2104 50
4039 42
946 52
102 57
1331 59
48 55
2511 44
4578 54
1000 47
1047 42
1643 43
1047 43
1394 50
1444 53
2353 47
761 45
430 52
344 48
1692 51
2404 55
1297 42
1842 50
623 47
2071 51
2852 36
2994 42
1298 43
3546 49
48 56
4653 58
432 53
4712 34
2942 56
723 44
2999 43
1453 54
767 46
1751 48
2036 43
4268 39
3357 44
672 52
724 45
1100 46
3559 50
4411 53
2039 44
4615 55
724 46
345 49
1613 50
2685 43
574 53
3708 46
961 53
3709 47
104 58
910 53
1860 51
4574 53
2483 65
4325 54
1564 54
4287 40
3187 53
3932 51
4780 51
48 57
3536 38
3823 55
4139 67
48 58
3283 42
1465 55
4336 55
4142 68
2051 45
253 52
1672 44
4544 49
164 41
1417 51
2010 46
1358 60
48 59
2604 48
400 40
4708 59
1968 46
1317 44
3389 45
3498 55
2106 52
1821 52
440 54
400 41
1474 56
4717 60
3503 56
48 60
4512 51
401 42
4781 35
256 53
3743 48
4615 54
4234 53
4124 43
4235 54
4727 61
3791 60
3743 49
3792 61
4621 55
4676 56
1219 55
402 43
2617 49
3044 44
3695 53
3970 52
2937 52
2666 53
1686 45
2306 45
785 47
923 54
445 55
3453 65
2907 37
4843 52
4483 54
3454 66
1833 53
4255 55
875 50
2173 51
4442 47
3225 54
4443 48
3872 56
3055 45
48 61
2517 66
2225 39
3622 51
4706 57
4706 58
167 42
2731 44
1226 56
4357 41
1589 55
4454 49
2777 48
1435 52
4270 56
4715 59
3190 46
1590 56
3009 57
2230 40
3067 46
4116 49
3473 67
3945 58
3377 52
2179 52
4670 56
1435 53
742 47
2739 45
690 53
1083 44
1700 46
1547 48
3694 42
2886 44
4178 44
109 59
744 48
1800 49
4384 42
2746 46
4685 57
1749 52
4802 62
405 44
504 40
3490 68
3445 46
593 54
934 55
2845 51
259 54
545 50
1603 57
3357 43
2338 46
1910 52
4650 50
3218 47
4546 55
3975 59
1181 57
4917 53
4882 36
48 62
1 48
1389 61
3407 53
651 48
408 45
111 60
1348 45
599 55
3043 58
2765 47
3821 50
850 43
3372 44
1867 54
4514 50
4214 45
3417 54
2500 56
3197 36
3233 48
2208 53
2065 47
1565 49
2998 53
1188 58
4730 58
599 56
4175 50
894 51
3689 52
549 51
360 50
2674 50
2564 67
2215 54
2405 58
2163 53
2406 59
171 43
2680 51
1251 57
1774 53
1728 47
2364 47
3665 39
2684 52
1147 47
2518 57
4358 57
4597 56
214 50
2839 49
214 51
1731 48
363 51
4137 64
4137 65
3909 62
4138 66
3764 43
4822 60
4205 51
3449 55
363 52
5036 52
662 49
2797 48
265 55
1200 59
2176 54
1410 62
2285 41
3816 54
1009 54
1738 49
4993 54
4993 55
214 52
3629 57
1474 54
111 61
3563 69
2331 51
3240 37
3090 59
1065 48
1369 46
3039 54
4110 53
1065 49
1065 50
111 62
4328 69
2003 47
5010 56
2598 68
4168 67
4639 57
816 48
3045 55
1640 58
4858 61
323 45
2099 48
1162 48
1269 58
4242 52
3746 53
3799 44
4757 51
769 49
2673 45
960 56
4127 54
2502 48
3345 55
4814 59
4763 52
420 46
1379 47
2398 48
3543 47
4878 62
4819 60
3716 40
1071 51
3445 45
3855 55
3058 56
49 63
1123 45
3595 70
4359 70
820 49
1334 50
1019 55
562 52
3497 56
269 56
4365 71
3970 63
4529 43
422 47
823 50
1498 55
564 53
4206 68
3605 71
917 52
2025 48
3459 46
1870 50
2168 46
673 50
1818 54
325 46
4586 56
2697 46
565 54
4285 53
4977 63
1286 59
4547 44
3881 56
5043 37
4050 57
675 51
565 55
780 50
112 63
3691 58
1776 50
2178 47
4114 60
1984 53
2131 49
1930 55
728 54
4526 36
3626 72
1509 56
4063 58
1987 54
1728 51
832 51
2864 49
3386 56
832 52
677 52
1991 55
2916 50
1036 56
3960 51
4011 64
928 53
2238 55
1570 57
2871 50
729 55
2721 47
1677 59
2350 42
270 57
785 51
2977 52
3499 47
836 53
4797 52
2773 53
4089 59
3168 60
4149 61
4210 55
4966 63
270 58
5130 57
4266 69
2554 49
786 52
4093 60
1633 50
4270 70
328 47
3466 42
2201 48
4157 62
49 64
2733 48
329 48
3283 47
2005 56
3085 38
571 56
3418 57
683 53
1902 51
992 57
683 54
3624 48
4990 64
4232 56
4991 65
113 64
3896 45
1419 48
177 44
1752 52
685 55
1644 51
1160 46
1857 55
4940 61
2952 51
1755 53
331 49
4891 53
479 56
575 57
5072 64
3855 54
331 50
3008 53
4844 53
1 49
4951 62
1537 57
1702 60
4953 63
1165 47
2083 49
5184 58
3204 61
1476 63
3266 47
1973 56
4746 51
1165 48
2636 58
3363 38
4261 57
577 58
4615 37
1059 57
5159 38
2280 56
5031 66
3211 62
801 53
2184 50
1543 58
746 56
3121 39
1544 59
1874 56
1603 58
746 57
4499 72
2095 50
1983 57
952 54
1 50
223 53
1607 59
223 54
912 44
3172 57
3291 48
4989 64
2713 69
4937 54
385 53
385 54
2657 59
958 55
2451 52
486 57
4471 46
4646 38
5063 67
4589 58
115 65
3730 73
2720 70
3731 74
2891 54
3046 54
1784 54
2506 49
4356 71
3631 57
2454 53
2998 52
3148 40
3355 48
1335 60
3693 49
698 56
2110 51
1726 61
1494 64
5084 68
2846 54
3641 58
3920 55
917 45
2729 71
3449 49
4497 47
2460 54
4445 54
4714 45
3197 58
3753 75
1278 60
2672 60
4449 55
4084 52
2515 50
487 58
3561 43
5103 69
2002 58
115 66
2464 55
2214 51
3325 49
2809 49
4269 63
2168 47
3424 39
5048 65
5048 66
3899 41
5115 70
4637 59
5116 71
441 48
4735 46
4735 47
1953 52
3997 46
547 41
2427 43
1135 52
2918 55
4703 39
2576 60
646 57
1566 60
2430 44
2430 45
2221 52
3388 49
225 55
4478 56
51 65
1903 57
5368 53
389 55
4801 57
2694 61
3859 59
591 59
1801 55
4660 60
5144 72
3632 48
1140 53
3227 59
5379 54
2758 72
4298 64
4546 48
3228 60
1140 54
3867 60
4069 57
2698 62
4367 58
3969 56
873 54
972 56
4929 58
444 49
3972 57
1029 58
2593 61
3045 53
4934 59
4934 60
1 51
1747 62
3497 50
3937 42
3154 45
2081 57
3240 61
2081 58
4568 49
3049 54
2769 73
4894 52
2237 53
4322 65
4753 40
3159 46
3051 55
1355 61
3812 76
4266 61
183 45
446 50
976 57
5262 65
2398 55
1469 49
2295 49
877 55
4399 59
3514 51
283 59
1703 52
1520 65
5199 73
4770 41
3217 41
4214 65
4813 48
1 52
5031 54
3718 59
879 56
2905 55
1925 58
1 53
344 51
3068 56
1760 63
4781 42
1708 53
1524 66
450 51
1098 58
2968 56
1040 59
1765 64
1712 54
559 42
1936 59
3536 52
4834 49
2796 74
3737 60
984 58
185 46
4615 50
4129 58
1715 55
1214 49
985 59
3035 51
231 56
3744 61
1942 60
5312 66
1837 56
2269 54
5314 67
3146 55
1162 55
3248 42
3750 62
3202 47
1894 51
5247 74
2745 63
2530 56
5015 61
3252 43
5325 68
1162 56
662 58
2273 55
4581 57
4150 59
5398 39
3710 49
4762 61
3208 48
5498 55
1487 50
720 57
3873 77
5404 40
2814 75
887 57
3364 63
4269 66
2752 64
1843 57
5033 62
3566 53
3052 52
3104 57
503 59
452 52
1050 60
2999 57
3056 53
4989 53
3573 54
889 58
3486 50
4886 50
2441 56
2125 59
4606 58
3002 58
5526 56
3843 50
779 58
4609 59
4414 66
2600 51
1444 51
3063 54
1275 49
3064 55
563 43
4675 51
5371 69
2547 57
2904 50
5482 59
3698 44
3698 45
3587 55
5128 55
2390 57
4188 60
1276 50
4086 58
185 47
54 66
3797 63
2450 57
2721 50
186 48
5193 55
3016 59
186 49
5250 67
1451 52
2135 60
120 67
2078 59
2456 58
402 56
4568 72
3249 49
3514 51
1555 67
3083 56
569 44
2251 48
845 54
613 60
3722 46
5575 57
3768 50
1558 68
2463 59
1800 65
3146 58
5216 56
569 45
1627 61
2739 51
1181 57
3618 56
1287 51
3417 64
5053 54
4225 61
1 54
3314 44
5424 70
1750 56
237 57
353 52
735 58
1291 52
963 46
5599 58
1009 60
4671 60
1244 50
3591 40
4856 62
2477 60
735 59
5363 75
4351 67
294 60
4605 73
907 59
736 60
188 50
1074 61
515 60
1136 59
5194 56
2810 65
5079 55
1075 62
1303 53
515 61
1530 51
1076 63
55 67
239 58
409 57
4804 73
297 61
2707 62
5461 71
2769 52
4211 47
1654 62
4112 43
3925 51
2438 58
3241 56
915 60
1081 64
5154 63
2391 50
2966 51
5331 68
2066 53
915 61
743 61
3571 52
2664 52
1539 52
3778 47
55 68
1902 58
5408 76
1902 59
1488 53
5230 57
5558 41
2126 60
4964 43
5601 60
4718 61
863 55
2074 54
123 68
2511 61
3469 65
2075 55
4785 52
4000 78
3409 62
2981 52
1840 66
1784 57
1429 62
1316 54
241 59
4085 61
688 59
1088 65
2848 66
413 58
1549 53
3098 60
809 59
1 55
3045 56
4803 53
630 61
2202 61
4157 44
2802 53
524 62
1500 54
1796 58
4551 67
3557 50
2145 61
3431 63
3338 50
4815 54
1033 61
5210 64
4166 45
4105 62
1855 67
4318 62
4028 79
5336 57
1855 68
5710 59
2593 46
5651 61
2863 67
362 53
3981 52
4033 80
3501 66
2034 61
56 69
474 53
3712 57
3117 61
1504 55
815 60
754 62
4334 63
3237 59
4965 63
2600 47
816 61
416 59
2706 53
3513 67
193 51
3451 64
2158 62
995 47
4654 60
1284 51
3304 57
193 52
3729 58
4906 74
5743 60
3021 53
3021 54
1228 58
1810 59
3895 51
3848 48
2766 63
4798 62
2286 52
3368 51
4800 63
2338 49
880 56
3698 41
4068 81
2339 50
5442 69
698 60
4478 68
3531 68
5514 77
1570 54
477 54
2555 62
3470 65
5392 58
5109 51
4929 75
1516 56
3143 62
4323 48
1572 55
2723 54
3709 42
1107 66
365 54
1342 55
4377 64
3869 49
5172 58
5349 58
1760 60
4495 69
5786 61
3149 63
4626 68
2453 51
3150 64
245 60
2563 63
1001 48
1399 61
3762 59
640 62
5477 70
2010 52
2123 56
2905 68
2631 48
2123 57
640 63
2976 76
2681 58
4348 49
4771 74
4582 62
4348 50
3627 51
2406 56
3832 58
305 62
2064 62
1238 59
2013 53
3632 52
2247 62
1052 62
1887 69
2068 63
421 60
1350 56
3742 43
3174 65
5505 71
3411 52
4981 76
2017 54
4263 46
1529 57
3356 58
3575 69
5396 59
367 55
5456 59
4421 65
1530 58
3577 70
3911 50
2696 59
2476 52
4272 47
2420 57
4878 64
3964 52
4546 70
2256 63
3072 55
1116 67
643 64
5348 65
643 65
947 62
3521 66
1057 63
56 70
1594 56
4026 64
3134 57
1968 60
3592 71
4288 48
3004 77
1780 61
5306 56
5248 59
4338 59
892 57
2540 59
1781 62
1475 63
2542 60
126 69
4702 69
5814 62
538 63
2944 69
3879 59
247 61
2945 70
485 55
4777 61
3823 60
1848 60
4352 60
603 46
1194 60
2440 58
3020 78
4715 70
3610 72
4985 55
5790 42
4467 66
5041 77
5721 72
4922 65
247 62
4718 71
898 58
1315 52
4852 75
4250 63
1 56
3157 58
1854 61
2218 63
1915 70
3837 61
4256 64
4059 65
1316 53
2346 53
127 70
1987 61
4128 53
3164 59
5665 78
127 71
5816 43
3800 44
2909 54
3965 51
3033 79
2963 71
1427 62
4334 49
2563 61
3519 45
778 63
250 63
4747 72
719 61
962 63
5426 66
5260 52
3915 60
1 57
1323 54
5940 62
3917 61
1 58
200 53
611 47
1561 59
1207 61
3817 45
1437 63
316 63
3643 73
253 64
2238 64
1079 64
1271 60
2066 55
200 54
1032 49
318 64
5573 60
727 62
2009 62
3778 53
4166 54
1335 55
2427 51
4714 63
4592 53
662 66
3545 46
5643 72
1084 65
382 56
4530 67
3784 54
2763 60
5588 61
4422 61
5114 78
3733 53
4110 66
4788 73
915 59
4111 67
4377 50
2431 52
2483 59
4927 76
4540 68
5419 57
5734 79
254 65
3069 80
2656 64
4183 55
4665 71
1038 50
5740 80
975 64
5608 62
4435 62
5895 44
59 71
1948 71
5673 73
4242 82
3796 55
3604 67
4552 69
5433 58
500 56
2200 58
5493 67
4191 56
5835 73
4811 74
3899 62
3854 46
2726 49
1223 62
500 57
5761 81
4951 77
5443 59
1286 61
3564 47
3009 72
1092 66
858 62
1831 63
5850 74
1586 60
2329 64
3617 68
3221 60
2446 53
4088 53
320 65
4903 62
3016 73
5399 60
3089 81
2208 59
5243 64
1771 63
4415 51
2396 54
2614 62
3626 69
4354 65
3579 48
3769 54
5596 60
4653 54
3579 49
3093 82
3290 66
59 72
1095 67
4783 64
1960 72
59 73
2566 53
2908 64
1774 64
4366 66
2455 54
4109 54
1408 57
4667 55
4598 70
5269 65
443 61
3782 55
6011 63
2798 61
924 60
4439 52
624 48
2100 56
203 55
2343 65
5684 63
1532 64
3373 57
5822 82
3037 74
625 49
2756 50
3550 53
740 63
4810 65
258 66
3906 47
1535 65
4878 75
626 50
1171 68
2926 65
5095 66
2108 57
1537 66
3047 75
3204 56
5767 74
742 64
3503 59
4751 72
59 74
2419 55
2528 60
2932 66
870 63
1790 65
3922 48
4321 83
325 66
1919 62
2707 65
2707 66
5719 64
1058 51
1724 69
325 67
2595 54
3820 56
59 75
1860 64
5666 61
1795 66
4105 52
2364 66
5431 53
3339 67
205 56
4600 51
3013 55
3938 49
811 64
5394 44
1927 63
327 68
2657 63
1729 70
3588 54
3889 56
2898 55
2544 61
2435 56
1613 61
5206 56
1547 67
1867 65
682 67
682 68
451 62
1184 69
4932 76
570 64
1680 57
2964 67
5631 68
5011 63
3958 50
261 67
3656 50
1119 68
3033 56
1809 67
1119 69
944 61
1556 68
3781 74
3306 61
59 76
2971 68
5838 75
4143 53
3858 57
2262 60
2562 62
2142 58
4377 84
3918 57
515 58
4891 66
3862 58
4324 57
397 57
1261 63
5100 78
5178 67
756 65
2267 61
206 57
2393 67
2460 57
263 68
4265 68
950 62
5549 61
5610 60
4159 54
640 51
3566 60
2574 63
2754 67
135 72
1 59
2639 55
4166 55
3804 75
4401 85
2874 62
1504 64
1199 70
4170 56
2400 68
6036 75
2154 59
1825 68
1755 71
5515 54
6222 63
136 73
4285 69
402 58
3946 58
4926 67
2405 69
2217 64
4415 86
2475 58
266 69
1272 64
5894 76
136 74
524 59
1900 66
4295 70
958 63
4627 63
1967 64
1644 62
3078 57
2595 64
1136 70
3535 60
3137 76
1136 71
1277 65
60 77
463 63
960 64
4521 67
1088 52
768 66
1089 53
2492 59
3146 77
2175 60
898 64
5996 83
137 75
4887 73
2969 56
2301 62
2115 63
1027 65
5862 65
2611 65
3313 57
1467 58
5034 77
5677 61
1092 54
4091 63
5808 62
4605 53
4215 57
464 64
3501 58
4775 71
3733 51
3733 52
137 76
3680 55
5386 79
4459 87
4906 74
4980 68
6182 45
2798 68
3736 53
4668 64
4548 68
2916 63
6187 46
2243 65
4857 56
901 65
2617 66
2801 69
1529 65
3442 68
4623 54
60 78
2740 64
408 59
6198 47
839 65
3572 61
4628 55
3446 69
340 69
1153 72
774 67
271 70
707 69
6049 84
2058 73
2994 57
656 52
5008 69
4569 69
3757 54
1995 65
2750 65
3957 59
2884 51
592 65
214 58
5920 66
4700 65
3707 56
2135 64
5617 55
658 53
5863 63
3400 62
2136 65
4313 55
6155 76
3532 59
3966 60
4653 56
3712 57
60 79
5626 56
1794 72
343 70
5099 78
1369 62
595 66
3972 61
6167 77
4959 75
5589 45
2945 64
3268 83
3830 70
1163 73
5694 62
2706 56
3778 55
5250 79
4383 71
4788 52
2762 66
2640 67
2004 66
3475 70
1433 56
1433 57
4794 53
60 80
5339 68
1682 63
662 54
5772 62
3076 69
662 55
2956 65
786 68
5125 79
3791 56
1310 66
1618 69
2959 66
3794 57
1167 74
2278 66
5353 69
2961 67
274 71
474 65
2654 68
3214 78
4064 59
1810 73
3624 62
5430 57
2156 66
539 60
6292 48
2018 67
1884 69
4699 57
1557 66
1755 58
4181 64
4633 70
5439 58
1244 71
140 77
3694 61
2787 67
2229 61
1559 67
2164 67
6418 64
3943 76
1444 58
4190 65
1560 68
3579 60
3172 58
346 71
989 65
4893 72
5513 80
2488 70
275 72
2169 68
5247 64
723 70
2798 68
2427 65
6435 65
6087 77
4654 71
2743 57
4848 54
1 60
3182 59
6026 67
2989 68
1122 55
3058 58
6334 49
2745 58
6174 85
5180 80
5720 57
2367 63
2678 69
543 61
3528 71
1509 59
2369 64
670 56
1569 69
3603 61
478 66
1829 74
276 73
3790 58
5049 76
728 71
420 60
5276 65
1063 66
6405 64
4996 57
4805 66
2816 69
6197 86
3131 70
5632 66
5698 46
2441 66
3132 71
1574 70
2637 55
673 57
6061 68
1259 72
5999 64
218 59
6295 78
870 66
3346 84
2765 59
4602 88
1187 75
5437 70
2825 70
1132 56
3213 60
2049 68
1840 75
421 61
937 66
6386 50
1652 70
3929 71
2053 69
2902 70
1403 63
3562 72
4559 58
6393 51
482 67
2456 67
2835 71
3821 59
3027 69
733 72
1526 60
6515 66
6400 52
61 81
1790 59
4089 62
5317 66
2527 71
5036 58
2059 70
874 67
4389 58
2398 65
6037 65
1138 57
1792 60
219 60
2466 68
1472 59
6468 65
551 62
2790 60
3169 72
3838 60
2468 69
1 61
3465 58
809 69
1199 76
1011 66
878 68
143 78
354 72
3249 61
5262 81
616 67
4523 72
2411 66
2860 72
5931 63
2932 71
6063 66
3791 62
5349 67
2800 61
1418 64
1482 60
6443 53
4417 59
1742 64
5070 59
4944 55
5630 81
3917 58
1602 71
4244 51
3918 59
5827 58
5506 71
3918 60
1807 61
2736 70
881 69
6511 66
1419 65
6381 79
2941 72
5140 77
5217 70
6298 87
4888 67
4192 60
2624 60
616 68
5794 47
2740 71
1149 58
4836 58
4765 72
2945 73
1283 73
5905 63
1607 72
4965 56
3990 72
6313 88
5971 64
1083 67
487 68
5658 82
1609 73
2746 72
3934 61
4556 73
5028 73
62 82
1817 62
4267 52
4319 66
4319 67
5460 80
815 70
556 63
6253 78
1212 77
687 58
5926 64
6122 67
5990 65
2697 56
6191 69
6426 80
2825 62
2887 73
1821 63
6263 79
3284 62
1614 74
3213 73
3887 61
3630 73
1885 76
6436 81
4866 59
5555 72
3569 63
3087 70
2890 74
2828 63
687 59
3160 59
3516 59
556 64
958 67
3041 52
5565 73
5696 83
2831 64
4936 68
6285 80
2310 62
1 62
2243 69
6656 67
689 60
3300 63
4810 73
1763 65
3906 62
145 79
1161 59
5791 67
4103 77
3650 74
1297 74
224 61
1438 66
1564 61
4426 62
491 69
5357 82
5078 74
1898 77
1299 75
6676 68
145 80
6105 69
4040 73
2846 65
5445 68
6108 70
225 62
6483 82
965 68
562 65
225 63
696 61
145 81
6570 54
3665 75
3863 63
495 70
6052 66
4374 68
1307 76
1383 67
1383 68
2122 71
6409 89
2857 66
2669 61
3550 60
6583 55
5233 78
4057 74
4450 63
4057 75
6336 81
970 69
901 70
2600 72
1849 64
1309 77
2467 67
2060 67
5243 79
2060 68
4459 64
4140 78
1454 67
4281 61
6349 82
63 83
3133 71
5760 84
6146 71
5760 85
2130 72
4774 89
4936 60
363 73
146 82
2743 57
5965 59
3886 64
1645 75
4648 74
2801 73
5922 48
1996 70
63 84
6539 83
5341 71
2207 74
2478 68
5564 81
2687 62
702 62
1921 78
1314 78
906 71
2753 58
2753 59
4025 62
5726 59
6635 56
2354 63
4088 76
5939 49
4164 79
634 69
6250 68
6641 57
365 74
1726 71
1 63
3285 74
4669 75
3644 64
6704 67
3708 76
3845 63
293 74
3031 74
5740 60
6190 72
4896 74
4674 76
3031 75
1653 76
4378 53
3032 76
6007 60
5035 69
3160 72
2077 69
5162 75
2007 71
1465 68
3653 65
5240 60
2220 75
3369 64
4982 61
4571 60
6349 70
2364 64
1 64
2149 73
5116 57
911 72
4390 54
1803 66
3725 77
4514 65
1535 61
1657 77
2568 70
1 65
1245 78
2228 76
1401 69
4835 90
4453 69
4647 56
66 85
913 73
6164 67
151 83
6753 68
3251 60
3127 53
2575 71
6699 58
1248 79
2160 74
3878 64
1603 62
4131 77
5788 61
151 84
1666 78
5075 70
5075 71
1406 70
6768 69
3882 65
4011 63
3535 85
1816 67
5575 69
5493 83
5576 70
6013 50
2315 70
3261 61
2654 73
1605 63
1605 64
66 86
2318 71
2318 72
5291 61
3328 75
2390 65
6729 59
3067 77
5812 62
6559 90
712 63
3470 79
4307 63
5962 68
1192 60
6141 65
3146 54
1821 68
5225 76
6800 70
373 75
1126 68
2932 67
4741 77
1891 65
1891 66
3844 62
4688 57
509 71
3076 78
6426 71
4318 64
448 62
5237 77
3209 73
2251 77
1062 67
4570 66
4978 75
3648 61
5838 63
6229 68
6680 84
5115 72
1960 79
5903 86
3158 55
4107 63
3915 66
66 87
5771 74
300 75
1131 69
3161 56
2182 75
6520 83
4840 59
4396 62
6311 73
3491 80
2042 72
375 76
1132 70
853 71
6844 71
4401 63
2815 60
6530 84
1761 72
3577 86
6616 91
1420 71
853 72
4342 65
4407 64
3665 62
300 76
4722 58
4662 61
3932 67
3932 68
5009 76
5275 78
999 70
6265 69
4599 67
4666 62
376 77
5418 80
586 66
4478 55
453 63
3874 63
6208 66
4069 64
2688 74
6150 61
1565 62
5096 62
5096 63
3025 75
3735 66
3673 63
857 73
857 74
1271 80
3103 79
5238 58
5374 62
1351 79
3512 81
237 64
5377 63
1696 79
5745 82
723 64
5828 75
1503 69
3516 82
3243 74
2697 75
1432 72
1918 67
2136 70
6585 85
3382 76
1504 70
6587 86
5117 64
5041 77
5453 81
3113 80
4560 70
3113 81
3899 64
6594 87
5844 76
3385 77
2137 71
377 78
1214 61
2633 72
6921 72
2067 73
3613 87
1576 63
4827 78
1144 71
788 73
6467 69
2143 72
4573 71
5058 78
4518 56
5624 84
6541 72
1784 73
1 66
2712 76
6402 74
154 85
1927 68
379 79
4524 57
4524 58
5716 71
4582 72
3265 75
1360 80
4980 91
4318 80
6949 73
4318 81
4982 92
1148 72
3713 64
1361 81
6492 70
3404 78
4403 66
6494 71
4730 63
2298 78
4404 67
6818 85
5802 83
6024 87
7037 69
2298 79
938 74
6572 73
3782 67
1791 74
2798 63
2225 76
2153 73
2080 74
6829 86
5969 64
5304 59
1221 62
2228 77
1221 63
4864 79
3557 83
6514 72
5590 72
239 65
522 72
1519 71
3794 68
3939 65
3496 65
4005 69
6754 92
793 74
1 67
5182 65
2872 61
1016 71
3648 88
3074 76
6209 51
6321 67
6141 69
6210 52
5914 77
7076 70
3362 62
2810 64
4620 73
1720 80
3364 63
4883 80
460 64
4353 82
1657 65
305 77
1945 69
68 88
6275 62
3810 69
5029 93
4154 65
4630 74
2941 74
5268 73
2816 65
6699 88
4510 65
2469 66
664 70
5698 85
2818 66
241 66
1 68
6886 87
4842 59
1727 81
6353 68
4029 70
4903 81
2019 80
3378 64
1232 64
6426 70
4371 83
385 80
385 81
602 67
4524 66
1886 69
6432 71
739 65
6504 75
1461 73
6183 70
5500 64
2409 73
804 75
308 78
4654 75
5151 79
4999 60
1959 70
2412 74
3259 57
7135 71
3102 77
6316 63
1099 68
1537 72
4924 82
1609 64
157 86
5888 84
2838 67
3184 82
6202 71
3107 78
4122 65
671 71
6205 72
4476 68
2491 67
5824 72
6534 76
2114 75
2418 75
2970 75
6283 53
387 82
5828 73
5079 94
1822 75
1242 65
5081 95
6853 93
883 75
6406 69
2913 62
3920 78
309 79
243 67
2268 78
5458 79
674 72
607 68
6554 77
2197 74
310 80
4890 60
2920 63
1176 73
748 66
5407 60
6421 70
4336 78
6083 65
6083 66
4894 61
3561 66
5038 61
5411 61
4415 84
6719 74
6154 88
2855 68
2986 76
3485 79
4636 59
5043 62
6980 88
4212 66
2923 64
243 68
2856 69
5561 65
6730 75
4904 62
5483 80
2989 77
4016 66
157 87
3067 68
2641 69
5427 62
3492 80
816 76
157 88
1319 81
1836 76
2862 70
2932 65
3948 79
5123 96
313 81
1555 73
3950 80
969 75
7154 74
6751 76
4439 85
5224 80
5887 74
4859 64
4097 71
969 76
3363 76
3146 79
2936 66
5736 73
476 65
5231 81
5135 97
3652 84
2517 68
2938 67
245 69
754 67
1187 74
2059 81
1187 75
7117 60
3010 78
2522 69
6554 72
2060 82
5669 82
897 76
4941 63
5826 86
1922 70
4611 67
2144 76
3749 89
3240 83
1922 71
3521 81
542 73
395 83
2664 70
4686 60
899 77
6225 89
1566 74
3910 70
4126 72
4956 64
2149 77
2226 75
6963 94
2458 76
1769 82
2670 71
3251 84
2604 67
5414 74
7063 89
4562 69
4833 68
3469 65
1331 82
3535 82
6886 89
4904 65
1641 65
1641 66
5496 63
976 77
6020 85
245 70
1125 69
3540 83
5426 75
1416 82
2157 78
5282 82
4281 67
157 89
978 78
825 77
618 69
3629 67
246 71
4851 69
1650 67
1339 83
6122 78
2082 83
4988 65
6764 73
4652 68
5198 98
4420 79
6690 78
2620 68
6128 79
6692 79
5056 83
1 69
3939 71
4724 61
6047 86
4929 66
5588 81
1652 68
4011 81
4931 67
158 90
1721 66
6374 73
5000 66
762 68
5532 64
2556 70
6058 87
4015 82
3880 65
1654 69
1133 70
3793 90
5463 76
5749 83
3883 66
4599 70
7353 72
5993 75
4435 80
5542 65
1343 84
70 89
4517 86
2405 80
7226 61
3645 68
484 66
550 74
4026 83
4608 71
693 73
3424 77
6961 90
5553 66
2177 79
4611 72
2703 72
2993 68
6086 88
1431 83
6892 77
3895 67
1730 67
1282 66
6090 89
6672 73
6974 91
2778 73
5857 74
7161 90
2334 79
6416 74
1798 83
5488 77
1432 84
6096 90
3146 69
6681 74
5633 82
3969 72
5344 83
3378 58
6759 80
5102 84
3378 59
3730 85
4127 67
1 70
625 70
1801 84
4130 68
1518 74
2575 71
3735 86
6770 81
3667 69
4836 76
3151 70
7189 91
1886 77
4471 81
4341 68
5883 75
4276 66
1434 85
2716 73
2577 72
1434 86
6936 78
913 78
5593 67
4717 69
3674 70
1140 71
4283 67
2191 80
6789 82
551 75
1891 78
3991 73
5459 66
2427 81
1287 67
1141 72
6228 80
3751 87
4358 69
4571 87
7218 92
5005 68
250 72
6313 67
6143 91
2727 74
3315 85
5142 85
5910 76
2196 81
2728 75
4073 84
6551 54
7383 75
6321 68
1142 73
7385 76
403 84
771 69
4945 70
71 90
7236 93
6483 75
7237 94
4870 77
4740 70
1444 87
7146 95
4501 82
3466 78
4231 73
7149 96
3027 69
3545 66
488 67
2958 71
5160 86
3469 79
5309 99
4084 85
5096 67
1816 85
1146 74
6575 55
4752 71
773 70
6695 71
1608 75
6578 56
4314 68
2522 77
6636 64
3859 91
4828 62
920 79
1983 72
2601 73
3106 79
3185 71
3420 60
555 76
5866 84
6026 87
2675 69
4898 78
3561 67
6362 69
1536 75
3188 72
6522 76
6522 77
2603 74
3425 61
488 68
5809 66
4842 63
922 80
7103 92
4032 74
71 91
846 78
5588 78
4034 75
703 74
3637 84
252 73
1991 73
778 71
3881 92
1914 79
4995 71
5531 67
2830 74
3199 73
1230 76
4786 72
558 77
6143 76
1008 79
705 75
5832 67
3501 80
5003 72
6315 81
2070 71
705 76
5005 73
3983 68
6152 77
6470 90
3583 68
4866 64
5216 87
2836 75
1461 88
6833 75
7141 93
7330 95
252 74
5762 83
5306 63
5369 100
3208 74
4425 70
1462 89
5222 88
1837 86
5015 74
4058 76
407 85
2311 76
5923 85
5923 86
1 71
3814 88
708 77
5709 68
1 72
7582 73
1927 80
1774 68
639 71
5322 64
3139 80
6590 78
5866 68
5934 87
6261 92
4884 65
5638 79
5785 84
4438 71
562 78
1017 80
5940 88
1469 90
2085 72
2157 84
1932 81
2559 78
7527 77
7275 97
4445 72
4236 69
6741 65
3464 62
7609 74
3526 81
3077 70
5651 80
711 78
6280 93
4754 73
2856 76
1847 87
1018 81
6044 77
5804 85
6460 70
5342 65
1244 77
2715 70
1712 70
1 73
4162 86
1322 68
1714 71
2645 75
7630 75
712 79
6132 88
940 81
712 80
5748 69
3844 89
2253 82
5355 66
6907 76
4980 79
4683 88
3623 69
2490 82
941 82
792 72
3938 93
5678 81
4921 66
1479 91
5067 75
4777 74
4607 83
1570 76
5684 82
7153 79
1479 92
1395 85
2496 83
3488 63
6566 91
6245 78
5924 69
6158 89
4105 77
5539 84
6571 92
5623 68
3029 72
410 86
2733 71
4933 67
6867 72
1863 88
1106 72
6869 73
5848 86
6749 57
1 74
1726 72
6873 74
6170 90
5158 69
4937 68
1575 77
2181 85
1330 69
944 83
5299 89
6816 66
7689 76
6267 79
3643 70
5789 70
330 82
5860 87
4797 75
7618 78
4423 69
2888 77
6107 78
330 83
2352 77
796 73
3718 85
7625 79
7279 94
3419 86
2186 86
4125 78
1257 78
3876 90
716 81
2116 73
4810 76
3878 91
4811 77
4130 79
6369 94
1962 82
75 92
568 79
3426 87
3273 75
4067 69
4301 70
5036 80
2752 72
2976 77
5975 70
7649 80
7302 95
6918 75
647 72
3276 76
6476 82
5120 76
4375 74
5197 70
6216 91
3732 86
6051 89
2279 83
1662 76
6390 95
7743 77
7663 81
331 84
2122 74
6313 80
2829 76
1035 82
6315 81
5680 69
2443 80
3359 80
7090 83
6816 58
2759 73
1968 83
4601 64
4460 70
3441 88
7523 96
569 80
5757 83
6823 59
4084 70
331 85
5214 71
5352 90
803 74
6002 71
2201 87
6752 79
3209 81
4393 75
2990 78
5919 88
650 73
3292 77
804 75
6515 83
5852 71
1973 84
5294 68
2916 78
75 93
7704 82
6844 60
1 75
504 69
3298 78
2060 74
4856 78
4549 73
5231 72
3148 71
1503 93
6353 82
7287 80
882 79
2380 78
4861 79
4408 76
7059 77
6918 67
3919 92
3693 71
2380 79
169 91
4488 71
76 94
1506 94
6364 83
963 84
1201 75
1755 73
5950 89
5477 67
6630 71
5728 70
7388 96
6794 80
3857 71
4785 89
7311 81
4348 71
655 74
2387 80
7081 78
4705 84
5650 85
5805 84
2217 88
3860 72
964 85
1510 95
6291 92
4961 73
4572 74
1425 86
6216 79
7758 83
3863 73
4648 65
5814 85
3706 72
4575 75
4192 80
964 86
2392 81
5043 69
729 82
5044 70
3781 87
3868 74
1685 77
2864 77
5346 69
261 75
730 83
76 95
1838 69
4587 76
5351 70
422 87
509 70
7721 62
422 88
5282 73
892 80
4816 90
1140 73
5285 74
1770 74
6501 96
1616 78
3180 72
817 76
973 87
6505 97
5931 72
3335 79
6990 68
3645 82
4145 71
2488 81
3887 75
817 77
262 76
975 88
7065 76
1621 79
818 78
2883 78
1701 78
1441 87
4155 72
2963 79
338 86
4157 73
7228 84
5541 68
1147 74
3657 83
1704 79
1296 79
2499 82
7568 98
2335 84
5715 86
7158 79
7669 97
171 92
1066 83
4937 80
4551 72
6715 72
7242 85
7327 74
2971 80
3513 89
2745 76
3355 80
6636 84
5964 73
7841 84
2421 82
2421 83
425 89
4855 91
3607 64
6642 85
4326 87
4484 77
4326 88
3607 65
1787 75
5819 71
5405 71
339 87
7039 69
2104 75
339 88
981 89
586 81
982 90
5897 86
516 71
1156 75
1231 76
6308 80
4721 66
5185 81
5902 87
3287 82
7053 70
7437 82
587 82
4259 81
5345 75
3530 90
1796 76
4792 85
1638 80
1797 77
4580 73
2762 77
1797 78
2032 85
4732 67
1797 79
2604 84
669 75
76 96
1234 77
4352 89
1234 78
4513 78
4353 90
5137 71
2847 74
6176 72
1234 79
2272 89
3465 81
5515 91
264 77
1314 80
5070 74
3548 91
4206 74
4021 93
2925 79
7235 80
341 89
1161 76
4996 81
519 72
5455 72
519 73
592 83
172 93
5383 76
676 76
7169 77
1890 70
4826 86
5158 72
8007 78
6533 84
7489 83
4123 94
1 76
5465 73
1167 77
753 84
3799 73
2285 90
4616 74
3174 73
4468 72
1655 81
4619 75
3017 81
677 77
2138 76
838 79
2289 91
997 91
7061 61
173 94
2217 75
522 74
6984 81
2946 80
6985 82
6463 93
2293 92
5106 75
2293 93
1 77
4707 77
3732 84
1251 80
174 95
8043 79
7137 71
3978 76
5911 72
4147 95
5826 87
4789 68
3417 81
5828 88
5988 88
7809 98
3579 92
174 96
7375 86
6658 98
5498 74
1569 96
3581 93
3896 88
270 78
1094 84
6580 85
2881 75
2393 85
4799 69
1178 78
5355 77
2394 86
1977 89
1094 85
3904 89
923 81
3994 77
7023 83
3683 66
2566 83
6009 89
6332 90
1830 80
1980 90
4263 75
4168 96
3204 74
2306 94
1258 81
2232 76
3353 83
1831 81
7037 84
3692 67
3759 85
7849 99
683 78
1340 81
3210 75
1340 82
7259 78
3696 68
270 79
7662 97
3359 84
6954 93
4354 82
1492 88
5537 75
7584 84
7962 63
5871 89
527 75
4899 87
6803 86
847 80
847 81
685 79
1991 91
7518 75
1840 82
4904 88
3612 94
7435 87
5312 82
3774 86
7683 98
2750 79
7979 64
3295 73
5716 69
685 80
1 78
2416 87
4450 91
8049 85
4843 70
7216 72
7987 65
1347 83
6979 94
1 79
1189 79
5095 82
6055 90
3868 74
272 80
3540 82
688 81
5798 101
6312 73
5899 90
3150 79
3624 95
352 90
8068 86
3874 75
2176 77
1271 82
2424 88
2092 86
5997 73
8074 87
5418 78
3629 96
7557 76
689 82
6844 87
5649 92
3880 76
2426 89
6166 74
4387 83
7008 95
1108 86
176 97
4865 71
4125 94
1596 97
4391 84
2768 80
3731 69
3388 85
443 90
7113 85
5122 83
4479 92
3964 90
6416 91
4054 78
3733 70
5284 73
2602 84
176 98
274 81
7341 79
2688 85
2185 78
2774 81
5674 93
7849 99
3895 77
6265 90
7129 86
2008 92
1777 80
3563 83
5045 92
2857 78
4334 76
1939 71
4067 79
4588 73
80 97
1858 83
3567 84
4965 89
611 84
4416 85
2269 77
2781 82
6118 91
942 82
1860 84
3258 76
5466 79
2193 79
6451 92
4250 97
3180 80
2349 95
6626 94
7622 77
6990 73
5315 74
7982 100
4158 95
4253 98
3181 81
1944 72
6058 74
7542 88
6909 88
3662 97
7166 87
2617 85
3102 82
2016 93
7389 80
7001 74
7318 73
4836 78
5710 94
6393 74
2535 84
3186 82
7006 75
1780 81
7325 74
1602 98
4687 79
5564 77
3922 78
4920 72
2791 83
4170 96
5083 93
7914 100
4170 97
1862 85
3421 86
3348 74
4926 73
8271 80
2019 94
1280 83
6321 91
6837 99
6321 92
2200 80
5729 95
4697 80
2541 85
1515 89
7348 75
7748 85
4009 91
4780 76
1783 82
5273 76
7675 78
2713 86
4452 86
695 83
6333 93
80 98
1203 80
3432 87
5355 75
4456 87
7361 76
2119 87
1366 84
178 99
1118 87
5360 76
3286 77
1285 84
6438 75
6864 100
2462 90
7371 77
4022 92
5112 94
7055 76
4551 93
4551 94
2552 86
3207 83
7230 88
780 85
1958 73
5760 96
2292 78
6027 91
6118 75
5530 80
2031 95
1612 99
3130 83
3447 88
3867 87
4300 99
1792 83
5769 97
5379 77
1523 90
2129 88
178 100
3620 85
6132 76
3451 89
5543 81
7253 89
5624 78
1455 70
2819 84
3056 81
8258 88
6214 92
5045 90
2299 79
1963 74
1207 81
359 91
3547 82
3547 83
8201 66
8101 101
3715 98
4415 77
4140 80
7575 81
7656 89
8273 89
4580 95
3547 84
4829 77
5559 82
3814 71
6153 77
178 101
4986 74
6491 76
616 85
1123 88
5965 102
451 91
7431 78
1293 85
1 80
8022 101
2572 87
2914 79
6072 92
452 92
452 93
788 86
705 84
2834 85
2312 80
7197 96
3561 85
4237 98
3155 84
5166 95
3901 88
1129 89
8306 90
1299 86
1629 100
2838 86
8399 81
1218 82
5745 76
1 81
7861 86
3995 79
8147 102
4607 96
82 99
6769 95
4934 79
7399 62
1040 92
2151 89
1543 91
4524 88
8414 82
4938 80
3742 99
3912 89
2844 87
4450 78
5364 77
7148 77
6273 93
7411 63
4450 79
1734 82
4352 100
5839 98
622 86
5522 83
3575 86
7887 87
2154 90
3088 82
1900 86
2405 96
7485 79
2936 80
8437 83
1735 83
2326 81
1133 90
2594 88
4799 81
878 82
1042 93
3927 90
6629 93
4633 97
6803 96
6023 103
3672 86
4467 80
3586 87
4548 89
454 94
879 83
8455 84
6810 97
6029 104
5121 91
623 87
363 92
8460 85
6911 86
4552 90
4372 101
4473 81
1046 94
8375 91
8375 92
2415 97
4025 80
1643 101
4818 82
5222 96
7006 101
2949 81
1910 87
3595 88
3355 78
6654 94
881 84
4653 98
3508 90
6414 75
5064 75
6753 81
5646 83
5230 97
3356 79
1399 85
6663 95
3944 91
2419 98
8399 93
1746 84
282 82
6591 77
282 83
2261 81
2611 89
1748 85
282 84
7221 78
3782 100
7134 89
282 85
1317 87
7791 90
4839 83
3520 91
6340 94
4840 84
7795 91
5001 81
3043 76
8513 86
7405 90
459 95
5084 76
7407 91
8057 99
3958 92
4672 99
4130 93
7564 80
7501 64
5254 98
3701 87
6865 98
3788 101
367 93
1753 86
1922 88
3205 85
4778 74
3617 89
4057 81
6189 93
555 76
6360 95
4511 82
8379 67
5174 92
4940 78
6020 70
5922 99
6705 96
3707 88
1407 86
5924 100
4942 79
7338 97
7338 98
6369 96
4513 83
8189 102
181 102
82 100
4688 100
284 86
5930 101
7930 79
8096 100
6471 76
7535 65
2798 87
7180 90
4790 75
7683 81
3623 90
4319 99
2184 91
2184 92
3975 93
6999 87
5380 84
7454 92
975 83
5785 79
1845 84
1929 89
1497 71
4526 84
7093 102
5546 78
891 85
6487 77
4327 100
4802 76
805 87
4529 85
7560 66
6225 94
2542 91
6917 99
4249 81
284 87
2191 93
464 96
7020 88
8335 103
5048 82
6745 97
723 85
7303 79
4810 77
284 88
4335 101
809 88
4538 86
7804 82
3311 84
7117 103
3144 83
2369 82
5405 85
7982 80
284 89
6509 78
2730 86
7493 93
898 86
2817 88
4821 78
7816 83
2642 90
3233 86
4723 101
1067 95
6943 100
7995 81
5316 99
3927 72
2454 99
4989 80
5227 93
7665 81
638 88
7600 67
8003 82
1508 72
8638 87
7913 92
2646 91
6154 105
1 82
4554 87
1581 92
2557 92
4354 102
3001 82
4457 102
5514 78
5753 84
1673 102
3002 83
2203 94
183 103
6617 94
5841 80
8291 103
3569 92
4279 82
5167 77
2109 96
183 104
5523 79
2110 97
3498 75
5849 81
7775 82
902 87
7941 93
6799 98
4926 85
2208 95
6180 106
989 84
8039 83
814 89
3253 87
4370 103
7445 99
2659 92
1586 93
3580 93
7176 104
1514 73
4199 94
2307 82
5453 86
1587 94
1783 87
6470 97
5620 79
7649 68
3956 73
8140 88
1 83
5622 80
84 101
6398 78
8232 101
7722 82
1430 87
471 97
2477 100
1344 88
1 84
818 90
8613 94
7389 80
6751 78
3025 84
3965 74
3185 84
1346 89
7012 101
6138 71
5880 82
2851 89
8453 104
5370 100
6837 99
3027 85
6491 98
7581 94
1962 90
2941 88
8256 102
5638 81
7485 100
7022 102
6145 72
1791 88
6766 79
6672 95
1963 91
2225 96
6596 79
6498 99
7594 95
1689 103
7133 89
5972 77
3194 85
7328 91
2404 83
6775 80
8745 88
3195 86
6331 95
1435 88
1264 83
5212 78
4404 104
5384 101
379 94
1598 95
1080 96
3457 80
996 85
2135 98
1970 92
4617 88
1350 90
1696 104
1350 91
6241 107
85 102
187 105
6350 96
2067 75
4521 103
7445 81
5829 85
7162 90
187 106
1532 74
3548 76
5069 81
2242 97
4071 94
4717 91
8618 68
1270 84
4247 95
187 107
650 89
7458 82
3388 85
7459 83
7642 96
5841 86
8523 105
1980 93
4346 83
4916 79
3389 86
6996 82
2425 84
1182 91
4818 102
8238 89
8238 90
6266 108
4349 84
914 88
4255 96
383 95
5169 83
3059 86
2428 85
4354 85
1003 86
3562 77
4441 105
4356 86
1900 85
1985 94
7198 91
915 89
5620 80
7765 69
1004 87
5535 87
8821 89
7918 83
2977 89
915 90
5343 94
1711 105
3230 87
7841 83
8561 106
2435 86
8267 91
1005 88
5790 84
6927 100
3070 87
3650 94
4023 75
6755 96
85 103
188 108
1366 92
2525 101
7310 105
1993 95
85 104
6301 109
5356 95
1547 75
2360 83
3501 81
5887 87
85 105
5360 96
7795 70
3502 82
7046 83
7950 84
1 85
2265 98
2817 87
7430 92
8388 103
5561 88
1 86
1195 92
7957 85
7874 84
8867 90
7433 93
2995 90
1721 106
1551 76
2096 76
6428 97
7140 103
4862 103
1722 107
192 109
8053 84
7968 86
3944 102
7338 106
4121 95
6151 102
7972 87
4046 76
6532 79
1196 93
8516 104
3857 89
4972 80
4587 104
7452 94
8066 85
5997 83
4219 82
5381 97
5999 84
7550 84
3001 91
2175 99
2175 100
2914 90
4223 83
6267 73
4785 92
4052 77
301 90
6091 78
3601 78
8815 95
7270 92
6272 74
2543 102
8644 107
2176 101
8086 86
8753 69
3435 87
4408 87
1197 94
3683 95
6352 110
4231 84
5494 102
3778 91
3605 79
7854 71
659 90
8183 94
1102 97
7760 97
6644 100
4711 89
6566 80
5601 89
2833 88
2741 93
4997 81
5938 88
8668 108
3353 88
2922 91
3785 92
6113 79
8197 95
3354 89
8112 87
3691 96
5332 79
486 98
2379 84
7301 93
2651 93
6484 98
7017 101
584 77
301 91
3196 77
2551 103
5867 85
2840 89
5257 84
4078 78
752 86
3112 88
1839 89
1203 95
3980 103
2014 96
5876 86
7032 102
7032 103
928 91
3893 90
7616 85
3204 78
3025 92
4441 88
3117 89
8979 91
3708 97
6684 101
2288 99
3285 88
8983 92
2288 100
1107 98
5109 86
301 92
5110 87
3210 79
2017 97
7431 107
2114 77
8897 96
7539 95
2114 78
5366 80
7636 86
2393 85
7920 72
3033 93
1843 90
6072 85
2294 101
2115 79
5900 87
5038 82
3561 83
753 87
1021 89
3038 94
5992 89
5042 83
586 78
8442 92
1209 96
5295 85
6633 81
3390 90
393 96
4285 85
5831 82
3827 93
5663 90
1938 86
3225 80
842 91
5918 88
6361 75
8104 88
3226 81
2770 94
1939 87
7854 98
2771 95
7669 87
301 93
5671 91
394 97
2773 96
7958 73
8203 88
7958 74
2028 98
8878 70
6445 111
2407 86
6837 80
8566 104
8036 85
935 92
1214 97
8038 86
3841 94
2684 94
1 87
7480 108
2031 99
4209 96
4131 79
8963 97
3747 98
4966 104
2780 97
5322 86
8135 89
1396 93
3152 90
3750 99
2967 92
4216 97
5246 82
8413 84
3059 95
7697 88
3413 91
5786 81
193 110
8146 90
1 88
1491 89
1580 77
6130 86
5165 88
6763 102
89 106
495 99
2504 87
5256 83
1400 94
1660 96
3334 89
8816 109
89 107
941 93
6482 112
5709 92
4230 98
6484 113
8255 89
4895 93
6143 87
5512 98
6961 97
2321 102
2793 98
2141 80
3428 92
8087 87
7524 109
6491 114
2042 100
8835 110
941 94
3430 93
4420 97
5183 89
1866 91
4904 94
3342 90
4057 104
3612 84
6069 90
1222 98
850 92
942 95
4910 95
5005 105
6251 80
8643 105
4165 80
7835 101
8195 91
2898 90
1126 99
6906 81
7267 84
3780 100
8970 71
6988 98
7753 89
1870 92
1501 90
5288 84
1126 100
8481 85
850 93
1227 99
3271 82
5542 99
8485 86
4920 96
1 89
1327 85
9153 93
8052 75
1506 91
3356 91
4538 89
7367 104
6640 99
5647 103
7859 102
8674 106
5842 82
90 108
5751 93
3891 95
8316 90
6354 103
3541 88
3987 91
1507 92
2527 88
4080 105
4265 99
8145 88
7380 105
5134 84
5477 81
8148 89
3092 96
6541 115
4266 100
8331 91
4548 90
6285 81
3451 94
8698 107
675 91
1041 90
5483 82
5565 100
3547 89
2912 91
5863 83
2060 101
3282 83
8918 111
8918 112
8529 87
6669 100
5948 83
9033 72
6296 82
766 88
4374 86
4089 106
9109 98
6855 103
4753 105
675 92
5870 84
5044 106
9114 99
3194 91
2062 102
8542 88
1 90
1134 101
6307 83
5238 90
7147 81
7415 106
7723 96
3288 84
1885 93
3010 93
5415 87
2167 81
4470 98
8189 90
8644 93
6227 88
2248 102
5790 94
7424 107
6051 89
8953 113
598 79
2066 103
2540 89
950 96
4209 81
7162 82
2455 87
5511 83
857 94
3018 94
4393 87
8295 92
5253 91
2171 82
3300 85
8133 76
6243 89
2544 90
7641 110
8972 114
8668 94
2544 91
7752 97
6066 90
1981 88
1422 95
2740 95
2357 103
1517 93
3483 95
4977 97
5355 85
769 89
1611 78
2258 103
6722 101
7765 98
3123 97
2745 96
6724 102
2841 99
4031 92
2940 92
4032 93
4231 82
8236 91
6831 82
4313 101
402 98
1049 91
1241 100
4991 98
1521 94
9119 73
7670 111
2468 88
7782 99
309 94
9123 74
6092 91
3843 101
6624 116
2557 92
8620 89
7787 100
8435 92
9204 100
2649 104
8079 99
2078 104
2182 83
1694 97
9209 101
9310 94
4243 83
6452 104
7115 99
9313 95
3325 86
4703 106
6282 90
6934 104
4703 107
5468 88
3849 102
7406 85
5005 99
3770 80
2266 104
8641 90
3851 103
1522 95
5389 86
8198 77
4433 88
3327 87
3139 98
2654 105
1522 96
4147 107
8281 92
5395 87
6650 117
403 99
5115 107
2857 100
7058 82
3419 92
1051 92
1429 96
4443 89
8846 108
8013 103
7924 90
1796 108
6583 76
5312 92
3052 95
772 90
6482 105
601 80
2191 84
7628 94
5963 85
6312 91
3969 96
7254 83
3969 97
2191 85
309 95
309 96
1248 101
3252 92
3707 85
4545 99
4355 102
7846 101
2967 93
6678 118
4646 91
3873 104
7538 108
8692 91
6798 103
865 95
3525 96
6146 92
2868 101
504 100
3981 98
2970 94
1706 98
3625 90
3258 93
1250 102
866 96
5790 104
776 91
7282 84
7968 91
7183 100
3884 105
8896 109
3441 93
3163 99
3535 97
7287 85
3807 81
6817 104
7107 83
5994 86
8532 93
4374 103
4566 100
6924 83
5902 95
6821 105
1439 97
9238 75
6628 77
2009 89
4668 92
2976 95
4480 90
3996 99
4188 108
1710 99
1252 103
1918 94
7124 84
4979 90
4485 91
6360 92
1537 97
6836 106
9329 102
3075 96
309 97
3271 94
6099 84
4772 108
9259 76
6646 78
4580 101
6015 87
8562 94
5920 96
7222 101
8472 93
2784 97
9153 115
1152 102
9447 96
5635 84
199 111
2681 106
3456 94
2105 105
1255 104
3739 86
506 101
1924 95
2213 86
3181 100
1 91
967 97
4594 102
2891 102
1064 93
5192 108
1927 96
6207 93
1720 100
1545 98
3750 87
4406 104
5740 101
1929 97
408 100
408 101
2603 93
4027 100
7065 105
6217 94
8598 95
7441 104
5013 91
8136 104
5311 85
1547 99
9087 105
92 109
7947 102
8795 92
4802 109
6222 95
8797 93
7261 102
8891 95
6051 88
2605 94
3570 98
7366 86
4610 103
3758 88
1647 79
7846 112
5755 102
3100 97
3848 82
4228 109
1160 103
5408 93
4229 110
5863 105
5026 92
8532 94
4812 110
8627 96
970 98
8071 92
1828 109
5593 89
6706 79
1368 86
2522 89
6159 85
8273 100
1 92
2036 90
410 102
5771 103
5874 106
6911 107
1163 104
7207 85
2038 91
7395 87
2038 92
2038 93
7588 86
2322 105
8287 101
7211 86
8936 96
7297 103
5603 90
7024 84
7787 95
613 81
3114 98
1942 98
1555 100
7791 96
2239 87
6445 93
1655 80
3410 88
5700 85
1655 81
1945 99
1 93
7501 105
7501 106
7311 104
6181 86
5049 93
4361 84
1072 94
8413 78
3122 99
6816 119
4551 92
8494 93
3873 83
8966 97
7810 97
6003 97
8590 95
3321 95
8420 79
614 82
8972 98
3322 96
6277 96
1948 100
5058 94
6558 84
411 103
8694 97
6748 80
1840 110
6749 81
6749 82
7141 106
2832 98
9590 97
2143 106
697 93
7060 85
7634 87
5063 95
4756 93
3606 99
5259 109
7833 98
5911 107
5723 86
5809 104
411 104
1 94
4962 106
5068 96
4073 101
2836 99
5919 108
412 105
6395 91
3038 96
2731 107
6488 94
7946 113
4569 93
7741 109
3518 95
5379 86
315 98
2254 88
3714 91
8637 96
4385 85
8831 96
5079 97
2148 107
4668 104
5472 94
1173 105
315 99
7283 87
9027 99
7863 99
3339 97
4085 102
3044 97
1 95
7478 88
4392 86
3982 106
703 94
4089 103
888 97
2556 90
2740 108
9646 98
8281 105
2740 109
3147 100
7296 88
9252 106
2556 91
6154 89
4881 111
6244 87
4487 105
9478 77
5404 87
3989 107
2556 92
2453 104
3630 100
4491 106
5957 109
2951 103
3731 92
3054 98
5001 107
4205 94
4205 95
1177 106
2154 108
7316 89
3254 101
5776 87
9496 78
8974 94
415 106
7319 90
2855 100
415 107
2561 93
1963 101
5972 110
4703 105
7027 108
8122 103
3360 98
5974 111
5120 98
96 110
8699 97
8699 98
9183 110
1086 95
7525 89
8799 98
2960 104
4905 112
1574 101
9700 99
1391 87
8997 95
7425 105
6730 106
3551 96
2753 110
2161 109
7339 91
4222 96
9198 111
6465 92
9531 79
7626 107
624 83
416 108
1969 102
9420 116
416 109
8445 102
9538 80
6197 90
7047 109
9424 117
2165 110
8148 104
2869 101
4520 107
6659 85
3655 101
3936 84
9325 107
3471 89
5533 95
6663 86
7250 107
4921 113
4128 104
1184 107
1971 103
4924 114
5451 88
4726 106
894 98
206 112
9445 118
318 100
9644 103
2077 94
1294 105
206 113
6307 88
5045 108
1584 102
206 114
630 84
3384 99
8372 106
6014 112
5049 109
8178 105
6314 89
3183 101
4843 94
5649 88
7190 86
4737 107
5915 105
3385 100
6320 90
7478 106
6778 107
2676 95
1095 96
3773 93
6136 98
1689 82
6783 108
9159 100
1298 106
7681 108
4040 108
7986 100
3389 101
529 102
3491 90
2587 94
7207 87
4748 108
9605 81
3492 91
6033 113
6033 114
5568 96
420 110
6985 120
4657 94
7695 109
1692 83
3494 92
4552 108
4260 97
3093 99
5487 89
9619 82
320 101
1407 88
9621 83
7114 110
4960 115
4960 116
2890 102
3880 89
6440 97
2382 106
7515 107
2686 96
8017 101
7516 108
8018 102
7318 108
7910 110
2686 97
9518 119
7626 90
6812 109
902 99
1593 103
9641 84
7915 111
7915 112
8027 103
8648 80
6814 110
7323 109
96 111
7918 113
1594 104
7238 88
4565 109
5864 88
7528 109
1881 111
321 102
8659 81
8451 107
533 103
8039 104
2790 111
6932 83
2389 107
1783 101
2601 95
9037 97
1 96
3412 102
9231 101
7250 89
3111 100
1 97
1200 108
3113 101
3706 102
7453 92
9143 96
6942 84
6746 87
1998 104
3902 90
6562 93
9869 100
5517 90
4288 98
4076 109
6190 99
4076 110
9568 120
4388 111
8585 103
9058 98
535 104
5314 100
3418 103
9574 121
7467 93
6195 100
6385 91
2909 103
5711 89
6668 95
6083 115
7874 88
7962 114
4791 109
6577 94
5712 90
1 98
8297 106
1504 98
7369 110
5714 91
818 92
3119 102
